go.rudyc.auth_account go.rudyc.create_account go.rudyc.create_character go.rudyc.move_character go.rudyc.receive_chats go.rudyc.roi_character go.rudyc.select_character go.rudyc.send_chat
19/03/14 23:52:30 -100 -100 -100 0.001174481 0.001219475 0.008853031 -100 0.001502895
19/03/14 23:52:40 -100 -100 -100 0.001270897 0.001172796 0.011895685 -100 0.001083671
19/03/14 23:52:50 -100 -100 -100 0.001029196 0.00112083 0.005917688 -100 0.00112315
19/03/14 23:53:00 -100 -100 -100 0.001070108 0.001184421 0.008462126 -100 0.001281065
19/03/14 23:53:10 -100 -100 -100 0.001020617 0.001278481 0.00729431 -100 0.00118598
19/03/14 23:53:20 -100 -100 -100 0.001304394 0.001237617 0.008309849 -100 0.001087956
19/03/14 23:53:30 -100 -100 -100 0.001199655 0.001627783 0.009253543 -100 0.001464485
19/03/14 23:53:40 -100 -100 -100 0.001028807 0.000912102 0.006995482 -100 0.001053572
19/03/14 23:53:50 -100 -100 -100 0.001008403 0.001042165 0.00735005 -100 0.001312886
19/03/14 23:54:00 -100 -100 -100 0.000966845 0.00119521 0.010955047 -100 0.000960795
19/03/14 23:54:10 -100 -100 -100 0.001089646 0.001145347 0.007096822 -100 0.001277526
19/03/14 23:54:20 -100 -100 -100 0.001059477 0.001029634 0.009402907 -100 0.001130434
19/03/14 23:54:30 -100 -100 -100 0.001103727 0.001594993 0.007541018 -100 0.001211426
19/03/14 23:54:40 -100 -100 -100 0.001118749 0.001125198 0.00729903 -100 0.001259405
19/03/14 23:54:50 -100 -100 -100 0.00128353 0.001174953 0.00697362 -100 0.001263288
19/03/14 23:55:00 -100 -100 -100 0.001273818 0.001145249 0.008093551 -100 0.001040238
19/03/14 23:55:10 -100 -100 -100 0.001184178 0.001819783 0.009800687 -100 0.001200646
19/03/14 23:55:20 -100 -100 -100 0.001089686 0.001215354 0.00727797 -100 0.0011501
19/03/14 23:55:30 -100 -100 -100 0.00118289 0.001367224 0.010876377 -100 0.00116368
19/03/14 23:55:40 -100 -100 -100 0.001307758 0.001114855 0.010135264 -100 0.001427167
19/03/14 23:55:50 -100 -100 -100 0.001091712 0.001463926 0.007565152 -100 0.001271762
19/03/14 23:56:00 -100 -100 -100 0.000972767 0.000966034 0.008571184 -100 0.00099369
19/03/14 23:56:10 -100 -100 -100 0.001176381 0.001048219 0.007067999 -100 0.001331627
19/03/14 23:56:20 -100 -100 -100 0.001129675 0.001247494 0.007403423 -100 0.001837353
19/03/14 23:56:30 -100 -100 -100 0.001396383 0.001311482 0.011941385 -100 0.001367333
19/03/14 23:56:40 -100 -100 -100 0.00197956 0.000872911 0.016001609 -100 0.001218982
19/03/14 23:56:50 -100 -100 -100 0.001108021 0.001177919 0.005867218 -100 0.001055607
19/03/14 23:57:00 0.012574299 0.041587687 0.034020951 0.003449529 0.001276773 0.021960169 0.001098995 0.001617809
19/03/14 23:57:10 -100 -100 -100 0.001045499 0.004533499 0.009222865 -100 0.00129344
19/03/14 23:57:20 -100 -100 -100 0.000949969 0.001021163 0.007994912 -100 0.001005511
19/03/14 23:57:30 -100 -100 -100 0.002647132 0.001351305 0.012473909 -100 0.002018008
19/03/14 23:57:40 -100 -100 -100 0.00366236 0.001143663 0.006851515 -100 0.001322208
19/03/14 23:57:50 -100 -100 -100 0.002989107 0.002528897 0.013015118 -100 0.001061784
19/03/14 23:58:00 -100 -100 -100 0.001401699 0.001143907 0.009515621 -100 0.001188379
19/03/14 23:58:10 -100 -100 -100 0.002453134 0.001009093 0.012361235 -100 0.001097469
19/03/14 23:58:20 -100 -100 -100 0.001157997 0.001353161 0.012661844 -100 0.001090568
19/03/14 23:58:30 -100 -100 -100 0.001187061 0.002925206 0.01121548 -100 0.001293504
19/03/14 23:58:40 -100 -100 -100 0.000968435 0.001779429 0.006090105 -100 0.004420469
19/03/14 23:58:50 -100 -100 -100 0.001210771 0.004114057 0.00778337 -100 0.001059518
19/03/14 23:59:00 -100 -100 -100 0.004180385 0.000925187 0.021825335 -100 0.004620064
19/03/14 23:59:10 -100 -100 -100 0.002682483 0.00189346 0.014525548 -100 0.001693138
19/03/14 23:59:20 -100 -100 -100 0.002911974 0.001871019 0.020177681 -100 0.00110614
19/03/14 23:59:30 -100 -100 -100 0.001329633 0.001166033 0.011740107 -100 0.001132988
19/03/14 23:59:40 0.018449256 0.240957709 0.033967084 0.000986882 0.011823247 0.025750798 0.00140155 0.004366382
19/03/14 23:59:50 -100 -100 -100 0.007799339 0.002282533 0.019303969 -100 0.004256121
19/03/15 00:00:00 -100 -100 -100 0.00247678 0.002042381 0.013762167 -100 0.001537729
19/03/15 00:00:10 -100 -100 -100 0.003393556 0.009552569 0.020288251 -100 0.002758856
19/03/15 00:00:20 -100 -100 -100 0.005910522 0.001304548 0.023121445 -100 0.001841421
19/03/15 00:00:30 -100 -100 -100 0.001159672 0.00134793 0.014782419 -100 0.001831645
19/03/15 00:00:40 -100 -100 -100 0.0066902 0.001675478 0.012093436 -100 0.00155584
19/03/15 00:00:50 -100 -100 -100 0.002794344 0.005331269 0.014844705 -100 0.001117931
19/03/15 00:01:00 -100 -100 -100 0.007552164 0.001176245 0.008974828 -100 0.002224552
19/03/15 00:01:10 -100 -100 -100 0.003146712 0.004152382 0.023038659 -100 0.004422504
19/03/15 00:01:20 -100 -100 -100 0.001040522 0.003581805 0.024670374 -100 0.003889575
19/03/15 00:01:30 -100 -100 -100 0.005834774 0.001234211 0.023298154 -100 0.0014358
19/03/15 00:01:40 -100 -100 -100 0.006108334 0.001355023 0.01890747 -100 0.001633964
19/03/15 00:01:50 -100 -100 -100 0.011148617 0.002461074 0.020507881 -100 0.001959411
19/03/15 00:02:00 0.012703002 0.050651876 0.024410985 0.004650073 0.001461745 0.01198511 0.001228126 0.002276182
19/03/15 00:02:10 -100 -100 -100 0.001306807 0.011875435 0.012642236 -100 0.001811896
19/03/15 00:02:20 -100 -100 -100 0.002730337 0.005949379 0.017767764 -100 0.002304078
19/03/15 00:02:30 -100 -100 -100 0.008792308 0.005949656 0.014186241 -100 0.009840021
19/03/15 00:02:40 -100 -100 -100 0.008663731 0.001082048 0.052666113 -100 0.004332171
19/03/15 00:02:50 -100 -100 -100 0.007868884 0.001415647 0.021379008 -100 0.005689991
19/03/15 00:03:00 -100 -100 -100 0.002622008 0.001912501 0.023531158 -100 0.005864524
19/03/15 00:03:10 -100 -100 -100 0.005809823 0.001730456 0.02480548 -100 0.001531301
19/03/15 00:03:20 -100 -100 -100 0.002386219 0.004887194 0.014593969 -100 0.012460413
19/03/15 00:03:30 -100 -100 -100 0.005685493 0.026750333 0.042748719 -100 0.00403075
19/03/15 00:03:40 0.015676468 0.046704135 0.031449045 0.003363111 0.01298156 0.024872945 0.001304932 0.012032884
19/03/15 00:03:50 -100 -100 -100 0.01576976 0.001151101 0.026096108 -100 0.002826695
19/03/15 00:04:00 -100 -100 -100 0.007808964 0.001705315 0.038993154 -100 0.001483295
19/03/15 00:04:10 -100 -100 -100 0.003610624 0.00354966 0.026113234 -100 0.001224078
19/03/15 00:04:20 -100 -100 -100 0.003049795 0.002041369 0.026035051 -100 0.013322668
19/03/15 00:04:30 -100 -100 -100 0.005942063 0.001575423 0.021083503 -100 0.001112817
19/03/15 00:04:40 -100 -100 -100 0.005384552 0.005125507 0.012649958 -100 0.00117579
19/03/15 00:04:50 0.011638279 0.043515926 0.022913705 0.008941199 0.001596615 0.04224089 0.001030932 0.000934032
19/03/15 00:05:00 -100 -100 -100 0.008036726 0.004320723 0.013434334 -100 0.006445318
19/03/15 00:05:10 -100 -100 -100 0.020397109 0.001560226 0.017329252 -100 0.01164967
19/03/15 00:05:20 -100 -100 -100 0.008158781 0.00454218 0.032638908 -100 0.003849877
19/03/15 00:05:30 -100 -100 -100 0.005375385 0.002332118 0.039884226 -100 0.003200436
19/03/15 00:05:40 -100 -100 -100 0.00946297 0.026895187 0.05967259 -100 0.001999954
19/03/15 00:05:50 -100 -100 -100 0.009705634 0.002134728 0.028294409 -100 0.00129925
19/03/15 00:06:00 0.013683459 0.039204111 0.024748655 0.005565667 0.009918774 0.03141924 0.001053253 0.003704095
19/03/15 00:06:10 -100 -100 -100 0.005630204 0.004736959 0.024550622 -100 0.010243296
19/03/15 00:06:20 -100 -100 -100 0.003287244 0.006439854 0.037040728 -100 0.001453622
19/03/15 00:06:30 -100 -100 -100 0.019484289 0.003719352 0.040447881 -100 0.015967267
19/03/15 00:06:40 -100 -100 -100 0.007743735 0.006491 0.036762128 -100 0.004515985
19/03/15 00:06:50 0.012146042 0.085396151 0.024792817 0.003550085 0.016386234 0.062838739 0.001120541 0.003501567
19/03/15 00:07:00 -100 -100 -100 0.016908083 0.001890668 0.022753543 -100 0.011073356
19/03/15 00:07:10 -100 -100 -100 0.015352432 0.001801703 0.02946015 -100 0.001578452
19/03/15 00:07:20 -100 -100 -100 0.002934604 0.006596012 0.04355273 -100 0.006962739
19/03/15 00:07:30 -100 -100 -100 0.007739256 0.006770971 0.047907544 -100 0.009618478
19/03/15 00:07:40 -100 -100 -100 0.023027341 0.004808862 0.034507417 -100 0.003026405
19/03/15 00:07:50 0.011707126 0.029056953 0.024340236 0.010998256 0.007647363 0.056501613 0.001175175 0.010075573
19/03/15 00:08:00 -100 -100 -100 0.00943536 0.002879068 0.046251174 -100 0.011016048
19/03/15 00:08:10 -100 -100 -100 0.027577688 0.001948964 0.049209338 -100 0.011200618
19/03/15 00:08:20 -100 -100 -100 0.004922594 0.035587481 0.064070459 -100 0.043696941
19/03/15 00:08:30 -100 -100 -100 0.009224951 0.001656165 0.04305365 -100 0.008008158
19/03/15 00:08:40 -100 -100 -100 0.026640215 0.006246011 0.043987504 -100 0.008795121
19/03/15 00:08:50 -100 -100 -100 0.002220849 0.016930641 0.007235365 -100 0.001204737
19/03/15 00:09:00 -100 -100 -100 0.004113386 0.009285606 0.045071781 -100 0.012298167
19/03/15 00:09:10 -100 -100 -100 0.004701956 0.006073732 0.084254934 -100 0.004860721
19/03/15 00:09:20 -100 -100 -100 0.019744635 0.008148938 0.023448668 -100 0.025428254
19/03/15 00:09:30 -100 -100 -100 0.01011141 0.003349975 0.0443525 -100 0.00314474
19/03/15 00:09:40 -100 -100 -100 0.013610729 0.001746679 0.083280915 -100 0.00297354
19/03/15 00:09:50 -100 -100 -100 0.008909283 0.010864625 0.02720418 -100 0.016908614
19/03/15 00:10:00 -100 -100 -100 0.016643404 0.001070208 0.104313714 -100 0.00846075
19/03/15 00:10:10 -100 -100 -100 0.01114437 0.01285177 0.051151461 -100 0.02372942
19/03/15 00:10:20 -100 -100 -100 0.007959567 0.018915001 0.034983636 -100 0.014224706
19/03/15 00:10:30 0.012746495 0.069872782 0.023819064 0.015769751 0.002624253 0.055265334 0.001198144 0.027973788
19/03/15 00:10:40 -100 -100 -100 0.000854324 0.024136705 0.008646845 -100 0.001252497
19/03/15 00:10:50 -100 -100 -100 0.01122957 0.006873633 0.057628609 -100 0.030334052
19/03/15 00:11:00 -100 -100 -100 0.01503025 0.004798634 0.034600239 -100 0.018526902
19/03/15 00:11:10 -100 -100 -100 0.025139455 0.015498466 0.050276956 -100 0.00523007
19/03/15 00:11:20 -100 -100 -100 0.010195383 0.001248597 0.099149622 -100 0.001886613
19/03/15 00:11:30 -100 -100 -100 0.020458022 0.050292213 0.04658615 -100 0.001186862
19/03/15 00:11:40 0.013040737 0.033161499 0.02494299 0.007732265 0.001902092 0.031554382 0.001071 0.009816758
19/03/15 00:11:50 -100 -100 -100 0.023331271 0.0155259 0.05459507 -100 0.002673882
19/03/15 00:12:00 -100 -100 -100 0.006035457 0.001424546 0.055155651 -100 0.002030917
19/03/15 00:12:10 -100 -100 -100 0.001535184 0.016127665 0.073878373 -100 0.014693439
19/03/15 00:12:20 -100 -100 -100 0.004599767 0.002825426 0.03969567 -100 0.002718692
19/03/15 00:12:30 -100 -100 -100 0.006283303 0.008074142 0.034124994 -100 0.006557176
19/03/15 00:12:40 -100 -100 -100 0.005510128 0.002231692 0.08646999 -100 0.007940459
19/03/15 00:12:50 -100 -100 -100 0.00893748 0.00256202 0.072833942 -100 0.001799063
19/03/15 00:13:00 0.014819686 0.037051656 0.024716529 0.010889828 0.004705714 0.057429141 0.001395984 0.002174917
19/03/15 00:13:10 -100 -100 -100 0.032691535 0.001342698 0.055824315 -100 0.001522338
19/03/15 00:13:20 -100 -100 -100 0.014986694 0.003010105 0.038340038 -100 0.000896587
19/03/15 00:13:30 -100 -100 -100 0.003142999 0.003086452 0.041274871 -100 0.001394209
19/03/15 00:13:40 -100 -100 -100 0.004263016 0.020400277 0.048970781 -100 0.001305409
19/03/15 00:13:50 -100 -100 -100 0.00320397 0.011583355 0.010759701 -100 0.000942301
19/03/15 00:14:00 -100 -100 -100 0.006981088 0.004832675 0.069981699 -100 0.002792713
19/03/15 00:14:10 0.013398384 0.069139203 0.031632157 0.008690198 0.006752146 0.115212695 0.001166161 0.002701171
19/03/15 00:14:20 -100 -100 -100 0.004248259 0.014727458 0.026327556 -100 0.006107321
19/03/15 00:14:30 -100 -100 -100 0.008288931 0.002351141 0.072040082 -100 0.007275365
19/03/15 00:14:40 -100 -100 -100 0.001736751 0.034040699 0.041716365 -100 0.001442128
19/03/15 00:14:50 -100 -100 -100 0.006104578 0.013703006 0.072558784 -100 0.005637258
19/03/15 00:15:00 -100 -100 -100 0.003644519 0.00731279 0.011458822 -100 0.009383969
19/03/15 00:15:10 0.027998602 0.031589334 0.029229761 0.001214089 0.024672516 0.026750808 0.003653325 0.002154131
19/03/15 00:15:20 -100 -100 -100 0.003157598 0.002306857 0.024253304 -100 0.002869415
19/03/15 00:15:30 -100 -100 -100 0.019982621 0.032719918 0.052742103 -100 0.005984019
19/03/15 00:15:40 -100 -100 -100 0.001107776 0.001794976 0.103357434 -100 0.01160038
19/03/15 00:15:50 -100 -100 -100 0.003391501 0.003612286 0.022493935 -100 0.001364638
19/03/15 00:16:00 -100 -100 -100 0.005175158 0.007124478 0.094607423 -100 0.016900493
19/03/15 00:16:10 -100 -100 -100 0.004903805 0.017681515 0.047246417 -100 0.004282013
19/03/15 00:16:20 0.01470063 0.036927742 0.025821509 0.021637204 0.003015729 0.053460638 0.000987072 0.00564618
19/03/15 00:16:30 -100 -100 -100 0.003166702 0.003121606 0.036547453 -100 0.012797516
19/03/15 00:16:40 -100 -100 -100 0.018685132 0.025797998 0.048547797 -100 0.010015108
19/03/15 00:16:50 -100 -100 -100 0.009160227 0.005564059 0.086572947 -100 0.005353489
19/03/15 00:17:00 -100 -100 -100 0.002594393 0.010786726 0.070535794 -100 0.010847646
19/03/15 00:17:10 -100 -100 -100 0.008656561 0.005024628 0.02235153 -100 0.005508073
19/03/15 00:17:20 -100 -100 -100 0.009641235 0.00284292 0.050816769 -100 0.008751308
19/03/15 00:17:30 -100 -100 -100 0.010628097 0.005661639 0.087198967 -100 0.005963167
19/03/15 00:17:40 0.019385851 0.041897896 0.026283602 0.013778234 0.002543737 0.029059364 0.002491892 0.005219616
19/03/15 00:17:50 -100 -100 -100 0.006224246 0.016551685 0.067247761 -100 0.010868588
19/03/15 00:18:00 -100 -100 -100 0.011429154 0.00224197 0.095521153 -100 0.009173055
19/03/15 00:18:10 -100 -100 -100 0.007724694 0.004278051 0.03182911 -100 0.013683679
19/03/15 00:18:20 -100 -100 -100 0.010140678 0.009701149 0.043944055 -100 0.010135519
19/03/15 00:18:30 -100 -100 -100 0.014842076 0.026608459 0.064425936 -100 0.005279504
19/03/15 00:18:40 -100 -100 -100 0.00431235 0.001968215 0.048043351 -100 0.006122214
19/03/15 00:18:50 -100 -100 -100 0.014801929 0.033800003 0.065239779 -100 0.001096172
19/03/15 00:19:00 -100 -100 -100 0.016163427 0.019608123 0.025876426 -100 0.001333235
19/03/15 00:19:10 0.011475599 0.039291108 0.027846173 0.003772203 0.009539065 0.030727116 0.00117505 0.001585401
19/03/15 00:19:20 -100 -100 -100 0.012485675 0.004110265 0.059729487 -100 0.002132657
19/03/15 00:19:30 -100 -100 -100 0.035055432 0.004762263 0.046140037 -100 0.010683497
19/03/15 00:19:40 -100 -100 -100 0.004043161 0.012885967 0.093656819 -100 0.019863529
19/03/15 00:19:50 -100 -100 -100 0.013200273 0.011643976 0.045365234 -100 0.028704509
19/03/15 00:20:00 -100 -100 -100 0.007782549 0.009033797 0.040822949 -100 0.006702672
19/03/15 00:20:10 -100 -100 -100 0.007185866 0.017442728 0.05113417 -100 0.003407024
19/03/15 00:20:20 -100 -100 -100 0.02007443 0.006640544 0.033281171 -100 0.009664748
19/03/15 00:20:30 0.01380999 0.166938985 0.039327658 0.004080213 0.010113216 0.095200197 0.002792549 0.022032216
19/03/15 00:20:40 -100 -100 -100 0.028207349 0.011587716 0.020690186 -100 0.030804435
19/03/15 00:20:50 -100 -100 -100 0.004656887 0.002938548 0.06589102 -100 0.005894781
19/03/15 00:21:00 -100 -100 -100 0.022228209 0.01555701 0.03882245 -100 0.012193082
19/03/15 00:21:10 -100 -100 -100 0.012319929 0.007444696 0.022675677 -100 0.001442426
19/03/15 00:21:20 -100 -100 -100 0.008856607 0.002901073 0.050229919 -100 0.009453947
19/03/15 00:21:30 -100 -100 -100 0.019632599 0.022970654 0.066663693 -100 0.002248158
19/03/15 00:21:40 -100 -100 -100 0.012276629 0.007431389 0.054363365 -100 0.03068986
19/03/15 00:21:50 -100 -100 -100 0.025308457 0.034944607 0.124777322 -100 0.014092132
19/03/15 00:22:00 -100 0.065109462 -100 0.013132077 0.006830505 0.056123754 -100 0.004702386
19/03/15 00:22:10 0.01516004 -100 0.023606744 0.038784404 0.005084644 0.015896784 0.001239016 0.010322862
19/03/15 00:22:20 -100 -100 -100 0.002802684 0.015815368 0.042785871 -100 0.015734097
19/03/15 00:22:30 -100 -100 -100 0.015380411 0.001936306 0.108065074 -100 0.001213988
19/03/15 00:22:40 -100 -100 -100 0.01304838 0.01124191 0.054332077 -100 0.022702829
19/03/15 00:22:50 -100 -100 -100 0.010817489 0.00285272 0.074866204 -100 0.003701657
19/03/15 00:23:00 -100 -100 -100 0.001003613 0.005054019 0.079003375 -100 0.010950514
19/03/15 00:23:10 -100 -100 -100 0.001948454 0.012741404 0.0663241 -100 0.009009587
19/03/15 00:23:20 0.014993063 0.052486453 0.032855254 0.01287639 0.011323887 0.067399069 0.001387759 0.002294107
19/03/15 00:23:30 -100 -100 -100 0.020034225 0.004570005 0.045804964 -100 0.002039037
19/03/15 00:23:40 -100 -100 -100 0.001053507 0.003273299 0.032168844 -100 0.001072115
19/03/15 00:23:50 -100 -100 -100 0.018617682 0.0284701 0.029384909 -100 0.011789819
19/03/15 00:24:00 -100 -100 -100 0.006147127 0.00320837 0.051466022 -100 0.001165535
19/03/15 00:24:10 -100 -100 -100 0.007880326 0.004231926 0.065809417 -100 0.003478873
19/03/15 00:24:20 -100 -100 -100 0.001650337 0.002976822 0.097585627 -100 0.00125168
19/03/15 00:24:30 0.014302072 0.040670476 0.02466168 0.024715316 0.005021521 0.006963529 0.0011395 0.002785814
19/03/15 00:24:40 -100 -100 -100 0.011064508 0.008652566 0.049543113 -100 0.015535396
19/03/15 00:24:50 -100 -100 -100 0.00432974 0.002524537 0.034239799 -100 0.009691594
19/03/15 00:25:00 -100 -100 -100 0.013901852 0.01061119 0.057040061 -100 0.00202828
19/03/15 00:25:10 -100 -100 -100 0.002285251 0.011614201 0.053620736 -100 0.003452222
19/03/15 00:25:20 -100 -100 -100 0.00563487 0.003749243 0.033223626 -100 0.003653297
19/03/15 00:25:30 -100 -100 -100 0.026441519 0.003261378 0.057633335 -100 0.009716066
19/03/15 00:25:40 0.025906025 0.037309705 0.024826412 0.011555392 0.024934136 0.037031303 0.004296203 0.005844282
19/03/15 00:25:50 -100 -100 -100 0.012270149 0.022080409 0.052926552 -100 0.021195949
19/03/15 00:26:00 -100 -100 -100 0.006609583 0.001372483 0.051323642 -100 0.003543046
19/03/15 00:26:10 -100 -100 -100 0.003046394 0.021813581 0.102043798 -100 0.020184906
19/03/15 00:26:20 -100 -100 -100 0.017669351 0.00332326 0.11767657 -100 0.009622114
19/03/15 00:26:30 -100 -100 -100 0.003883762 0.00780234 0.10595704 -100 0.00857405
19/03/15 00:26:40 -100 -100 -100 0.0077618 0.002499688 0.053436904 -100 0.005003103
19/03/15 00:26:50 0.029205543 0.067406842 0.026534356 0.00942745 0.004764723 0.065014451 0.002583585 0.01557626
19/03/15 00:27:00 -100 -100 -100 0.005997801 0.008749496 0.108363878 -100 0.009049437
19/03/15 00:27:10 -100 -100 -100 0.007654672 0.007742478 0.073520467 -100 0.004742504
19/03/15 00:27:20 -100 -100 -100 0.015772904 0.001787369 0.092832105 -100 0.015735325
19/03/15 00:27:30 -100 -100 -100 0.013702414 0.01466063 0.026311799 -100 0.006567888
19/03/15 00:27:40 -100 -100 -100 0.007066574 0.00134528 0.058242295 -100 0.002914255
19/03/15 00:27:50 -100 -100 -100 0.009298872 0.00507493 0.067308579 -100 0.005216174
19/03/15 00:28:00 -100 -100 -100 0.032797604 0.009953478 0.044659234 -100 0.005675676
19/03/15 00:28:10 -100 -100 -100 0.01632807 0.014007312 0.052317963 -100 0.011307903
19/03/15 00:28:20 -100 -100 -100 0.002805422 0.014171004 0.055769744 -100 0.001307137
19/03/15 00:28:30 0.014655664 0.040681387 0.024136498 0.003563239 0.002648072 0.042839766 0.001809006 0.013283372
19/03/15 00:28:40 -100 -100 -100 0.021922167 0.007120953 0.062638632 -100 0.001055186
19/03/15 00:28:50 -100 -100 -100 0.003258126 0.003946128 0.044737192 -100 0.007383117
19/03/15 00:29:00 -100 -100 -100 0.021056331 0.002311687 0.078248891 -100 0.006285576
19/03/15 00:29:10 -100 -100 -100 0.01131109 0.045254109 0.020036724 -100 0.005753392
19/03/15 00:29:20 -100 -100 -100 0.009673985 0.041079736 0.021507185 -100 0.005027028
19/03/15 00:29:30 -100 -100 -100 0.015279673 0.005638048 0.006106166 -100 0.001176801
19/03/15 00:29:40 0.014587018 0.045914199 0.024513928 0.010495775 0.033336641 0.05687601 0.001091309 0.001556232
19/03/15 00:29:50 -100 -100 -100 0.020850137 0.008757991 0.050337656 -100 0.010888706
19/03/15 00:30:00 -100 -100 -100 0.011300306 0.004115682 0.045600938 -100 0.014803792
19/03/15 00:30:10 -100 -100 -100 0.005462323 0.003692454 0.031574731 -100 0.020876879
19/03/15 00:30:20 -100 -100 -100 0.007059789 0.009357604 0.028745777 -100 0.00293167
19/03/15 00:30:30 -100 -100 -100 0.007840047 0.021505247 0.085880724 -100 0.003194902
19/03/15 00:30:40 -100 -100 -100 0.006733582 0.002318991 0.09227458 -100 0.002906258
19/03/15 00:30:50 -100 -100 -100 0.006188921 0.001285186 0.03037259 -100 0.001543453
19/03/15 00:31:00 0.029103784 0.037355065 0.02545563 0.00810337 0.004980073 0.016804087 0.005251949 0.003896256
19/03/15 00:31:10 -100 -100 -100 0.014652349 0.00625511 0.0404462 -100 0.002916557
19/03/15 00:31:20 -100 -100 -100 0.028615546 0.007911835 0.031671742 -100 0.009344189
19/03/15 00:31:30 -100 -100 -100 0.019035644 0.007017797 0.027116587 -100 0.003247629
19/03/15 00:31:40 -100 -100 -100 0.005461166 0.010266822 0.146656227 -100 0.001858732
19/03/15 00:31:50 -100 -100 -100 0.003241924 0.006342247 0.008886308 -100 0.007704266
19/03/15 00:32:00 -100 -100 -100 0.005821043 0.006717085 0.107497561 -100 0.008565115
19/03/15 00:32:10 -100 -100 -100 0.027319947 0.010083763 0.120346541 -100 0.010314496
19/03/15 00:32:20 0.012456421 0.035353699 0.040616447 0.02189131 0.051847155 0.106332642 0.001133085 0.010688702
19/03/15 00:32:30 -100 -100 -100 0.003470992 0.006172109 0.074270381 -100 0.001917788
19/03/15 00:32:40 -100 -100 -100 0.00896157 0.005109168 0.037602924 -100 0.007725571
19/03/15 00:32:50 -100 -100 -100 0.004165765 0.006574696 0.038449731 -100 0.004338726
19/03/15 00:33:00 -100 -100 -100 0.011779271 0.030566097 0.041444112 -100 0.006030534
19/03/15 00:33:10 -100 -100 -100 0.004846767 0.021884102 0.046469091 -100 0.005421467
19/03/15 00:33:20 -100 -100 -100 0.032726435 0.00619935 0.085840247 -100 0.003406001
19/03/15 00:33:30 -100 -100 -100 0.012193487 0.005388344 0.137431641 -100 0.020783541
19/03/15 00:33:40 -100 -100 -100 0.004350036 0.008895911 0.027893514 -100 0.001553151
19/03/15 00:33:50 -100 -100 -100 0.003587715 0.007095803 0.041172238 -100 0.002400659
19/03/15 00:34:00 -100 -100 -100 0.015043045 0.015406393 0.023220167 -100 0.029045931
19/03/15 00:34:10 -100 -100 -100 0.025659373 0.003235803 0.045470564 -100 0.019625164
19/03/15 00:34:20 -100 -100 -100 0.009304515 0.005210006 0.126790621 -100 0.007702657
19/03/15 00:34:30 -100 -100 -100 0.013209458 0.024476007 0.02483106 -100 0.013062441
19/03/15 00:34:40 -100 -100 -100 0.011831317 0.022988007 0.03235341 -100 0.00239815
19/03/15 00:34:50 -100 -100 -100 0.034393748 0.006923695 0.030837696 -100 0.013191472
19/03/15 00:35:00 -100 -100 -100 0.015429787 0.005271177 0.043248198 -100 0.001292751
19/03/15 00:35:10 -100 -100 -100 0.017634182 0.01853627 0.045496514 -100 0.00722935
19/03/15 00:35:20 -100 -100 -100 0.005093616 0.010824066 0.052973725 -100 0.006722792
19/03/15 00:35:30 -100 -100 -100 0.003406468 0.008850406 0.044241092 -100 0.004513565
19/03/15 00:35:40 -100 -100 -100 0.033604647 0.005293884 0.045093558 -100 0.005642684
19/03/15 00:35:50 -100 -100 -100 0.014419099 0.005029774 0.085576846 -100 0.003252802
19/03/15 00:36:00 -100 -100 -100 0.004731777 0.018806843 0.039665386 -100 0.001803241
19/03/15 00:36:10 -100 -100 -100 0.011963472 0.012954028 0.063656905 -100 0.021384397
19/03/15 00:36:20 -100 -100 -100 0.013223555 0.005670954 0.093427371 -100 0.017559138
19/03/15 00:36:30 -100 -100 -100 0.022353395 0.00254291 0.090147168 -100 0.016856816
19/03/15 00:36:40 -100 -100 -100 0.015909283 0.006327998 0.02643906 -100 0.002691118
19/03/15 00:36:50 -100 -100 -100 0.019657335 0.002509572 0.040500876 -100 0.014894556
19/03/15 00:37:00 -100 -100 -100 0.005445008 0.008036463 0.054812114 -100 0.003858116
19/03/15 00:37:10 -100 -100 -100 0.001482537 0.002496482 0.043117288 -100 0.006212624
19/03/15 00:37:20 -100 -100 -100 0.003215056 0.005798453 0.023785689 -100 0.037709041
19/03/15 00:37:30 -100 -100 -100 0.002744482 0.009155822 0.043342745 -100 0.007751862
19/03/15 00:37:40 -100 -100 -100 0.058542161 0.00506548 0.022769616 -100 0.004816177
19/03/15 00:37:50 -100 -100 -100 0.007049578 0.003073004 0.032683002 -100 0.006105513
19/03/15 00:38:00 -100 -100 -100 0.003586287 0.002265707 0.113950677 -100 0.002146741
19/03/15 00:38:10 -100 -100 -100 0.002147832 0.007215319 0.030032884 -100 0.001445399
19/03/15 00:38:20 -100 -100 -100 0.178673943 0.003026667 0.196458203 -100 0.003650218
19/03/15 00:38:30 -100 -100 -100 0.002079583 0.0016498 0.015496384 -100 0.001373609
19/03/15 00:38:40 -100 -100 -100 0.004636294 0.001391652 0.032529298 -100 0.001484592
19/03/15 00:38:50 -100 -100 -100 0.019494305 0.010945988 0.032020183 -100 0.00128658
19/03/15 00:39:00 -100 -100 -100 0.004878945 0.001683019 0.128422549 -100 0.003958948
19/03/15 00:39:10 -100 -100 -100 0.001778932 0.002312597 0.012192488 -100 0.001187575
19/03/15 00:39:20 -100 -100 -100 0.001070653 0.001339459 0.011012505 -100 0.001516998
19/03/15 00:39:30 -100 -100 -100 0.001273656 0.001209743 0.007399117 -100 0.001244078
19/03/15 00:39:40 -100 -100 -100 0.001185729 0.001189199 0.013515192 -100 0.001231664
