19/03/14 23:52:10 5385.0 0.0 7983.0 0.0 259.0 0.0 8113.0 436.0 8.12 0.0 0.0 3.0 0.0 0.0 0.31 0.0 12.0 3.0
19/03/14 23:52:20 5383.0 0.0 7983.0 0.0 260.0 0.0 7795.0 471.0 9.46 0.0 0.0 3.0 0.0 0.0 0.34 0.0 12.0 3.0
19/03/14 23:52:30 5383.0 0.0 7983.0 0.0 261.0 0.0 7659.0 423.0 7.18 0.0 0.0 3.0 0.0 0.0 0.43 0.0 12.0 3.0
19/03/14 23:52:40 5383.0 0.0 7983.0 0.0 261.0 0.0 8046.0 451.0 9.37 0.0 0.0 3.0 0.0 0.0 0.44 0.0 12.0 3.0
19/03/14 23:52:50 5382.0 0.0 7983.0 0.0 261.0 0.0 7888.0 439.0 6.23 0.0 0.0 3.0 0.0 0.0 0.37 0.0 12.0 3.0
19/03/14 23:53:00 5383.0 0.0 7983.0 0.0 261.0 0.0 7982.0 431.0 8.38 0.0 0.0 3.0 0.0 0.0 0.31 0.0 12.0 3.0
19/03/14 23:53:10 5382.0 0.0 7983.0 0.0 261.0 0.0 7714.0 433.0 7.2 0.0 0.0 3.0 0.0 0.0 0.27 0.0 12.0 3.0
19/03/14 23:53:20 5382.0 0.0 7983.0 0.0 261.0 0.0 7.53 447.0 8.91 0.0 0.0 3.0 0.0 0.0 0.38 0.0 12.0 3.0
19/03/14 23:53:30 5382.0 0.0 7983.0 0.0 261.0 0.0 7698.0 403.0 6.94 0.0 0.0 3.0 0.0 0.0 0.33 0.0 12.0 3.0
19/03/14 23:53:40 5381.0 0.0 7983.0 0.0 261.0 0.0 8097.0 428.0 6.7 0.0 0.0 3.0 0.0 0.0 0.35 0.0 12.0 3.0
19/03/14 23:53:50 5381.0 0.0 7983.0 0.0 261.0 0.0 7943.0 0.42 6.22 0.0 0.0 3.0 0.0 0.0 0.29 0.0 12.0 3.0
19/03/14 23:54:00 5381.0 0.0 7983.0 0.0 261.0 0.0 7899.0 0.42 7.51 0.0 0.0 3.0 0.0 0.0 0.25 0.0 12.0 3.0
19/03/14 23:54:10 5377.0 0.0 7983.0 0.0 265.0 0.0 7.5 0.45 7.69 0.0 0.0 3.0 0.0 0.0 0.21 0.0 12.0 3.0
19/03/14 23:54:20 5377.0 0.0 7983.0 0.0 265.0 0.0 8019.0 445.0 7.89 0.0 0.0 3.0 0.0 0.0 0.25 0.0 12.0 3.0
19/03/14 23:54:30 5377.0 0.0 7983.0 0.0 265.0 0.0 7522.0 393.0 6.44 0.0 0.0 3.0 0.0 0.0 0.37 0.0 12.0 3.0
19/03/14 23:54:40 5377.0 0.0 7983.0 0.0 264.0 0.0 7985.0 434.0 7.46 0.0 0.0 3.0 0.0 0.0 0.39 0.0 12.0 3.0
19/03/14 23:54:50 5377.0 0.0 7983.0 0.0 265.0 0.0 7958.0 451.0 7.89 0.0 0.0 3.0 0.0 0.0 0.36 0.0 12.0 3.0
19/03/14 23:55:00 5377.0 0.0 7983.0 0.0 265.0 0.0 8063.0 417.0 8.95 0.0 0.0 3.0 0.0 0.0 0.3 0.0 12.0 3.0
19/03/14 23:55:10 5377.0 0.0 7983.0 0.0 265.0 0.0 7982.0 439.0 6.98 0.0 0.0 3.0 0.0 0.0 0.42 0.0 12.0 3.0
19/03/14 23:55:20 5377.0 0.0 7983.0 0.0 264.0 0.0 7469.0 411.0 8.23 0.0 0.0 3.0 0.0 0.0 0.35 0.0 12.0 3.0
19/03/14 23:55:30 5376.0 0.0 7983.0 0.0 265.0 0.0 7808.0 435.0 8.38 0.0 0.0 3.0 0.0 0.0 0.37 0.0 12.0 3.0
19/03/14 23:55:40 5377.0 0.0 7983.0 0.0 265.0 0.0 7953.0 406.0 7.4 0.0 0.0 3.0 0.0 0.0 0.31 0.0 12.0 3.0
19/03/14 23:55:50 5379.0 0.0 7983.0 0.0 262.0 0.0 7562.0 443.0 7.93 0.0 0.0 3.0 0.0 0.0 0.34 0.0 12.0 3.0
19/03/14 23:56:00 5379.0 0.0 7983.0 0.0 262.0 0.0 7737.0 435.0 6.99 0.0 0.0 3.0 0.0 0.0 0.29 0.0 12.0 3.0
19/03/14 23:56:10 5378.0 0.0 7983.0 0.0 263.0 0.0 8149.0 429.0 7.42 0.0 0.0 3.0 0.0 0.0 0.24 0.0 12.0 3.0
19/03/14 23:56:20 5377.0 0.0 7983.0 0.0 264.0 0.0 7.62 425.0 7.93 0.0 0.0 3.0 0.0 0.0 0.2 0.0 12.0 3.0
19/03/14 23:56:30 5378.0 0.0 7983.0 0.0 262.0 0.0 7794.0 424.0 7.51 0.0 0.0 3.0 0.0 0.0 0.17 0.0 12.0 3.0
19/03/14 23:56:40 5379.0 0.0 7983.0 0.0 262.0 0.0 7672.0 0.42 8.27 0.0 0.0 3.0 0.0 0.0 0.15 0.0 12.0 3.0
19/03/14 23:56:50 5378.0 0.0 7983.0 0.0 262.0 0.0 7705.0 408.0 6.01 0.0 0.0 3.0 0.0 0.0 0.2 0.0 12.0 3.0
19/03/14 23:57:00 5377.0 0.0 7983.0 0.0 263.0 0.0 10487.0 541.0 11.37 0.0 0.0 3.0 0.0 0.0 0.25 0.0 12.0 3.0
19/03/14 23:57:10 5377.0 0.0 7983.0 0.0 264.0 0.0 10054.0 542.0 10.62 0.0 0.0 3.0 0.0 0.0 0.21 0.0 12.0 3.0
19/03/14 23:57:20 5377.0 0.0 7983.0 0.0 263.0 0.0 9935.0 0.55 10.13 0.0 0.0 3.0 0.0 0.0 0.18 0.0 12.0 3.0
19/03/14 23:57:30 5372.0 0.0 7983.0 0.0 268.0 0.0 10445.0 534.0 9.92 0.0 0.0 3.0 0.0 0.0 0.31 0.0 12.0 3.0
19/03/14 23:57:40 5372.0 0.0 7983.0 0.0 268.0 0.0 9787.0 537.0 10.7 0.0 0.0 3.0 0.0 0.0 0.26 0.0 12.0 3.0
19/03/14 23:57:50 5372.0 0.0 7983.0 0.0 267.0 0.0 10585.0 545.0 10.13 0.0 0.0 3.0 0.0 0.0 0.27 0.0 12.0 3.0
19/03/14 23:58:00 5372.0 0.0 7983.0 0.0 267.0 0.0 9752.0 532.0 10.94 0.0 0.0 3.0 0.0 0.0 0.39 0.0 12.0 3.0
19/03/14 23:58:10 5372.0 0.0 7983.0 0.0 268.0 0.0 9403.0 537.0 10.59 0.0 0.0 3.0 0.0 0.0 0.33 0.0 12.0 3.0
19/03/14 23:58:20 5372.0 0.0 7983.0 0.0 267.0 0.0 10028.0 519.0 10.9 0.0 0.0 3.0 0.0 0.0 0.28 0.0 12.0 3.0
19/03/14 23:58:30 5372.0 0.0 7983.0 0.0 267.0 0.0 10264.0 506.0 10.42 0.0 0.0 3.0 0.0 0.0 0.56 0.0 12.0 3.0
19/03/14 23:58:40 5372.0 0.0 7983.0 0.0 267.0 0.0 9681.0 549.0 11.34 0.0 0.0 3.0 0.0 0.0 0.47 0.0 12.0 3.0
19/03/14 23:58:50 5372.0 0.0 7983.0 0.0 267.0 0.0 10.05 574.0 10.16 0.0 0.0 3.0 0.0 0.0 0.47 0.0 12.0 3.0
19/03/14 23:59:00 5371.0 0.0 7983.0 0.0 267.0 0.0 10005.0 556.0 10.54 0.0 4.0 3.0 0.0 0.0 0.48 0.0 12.0 3.0
19/03/14 23:59:10 5371.0 0.0 7983.0 0.0 268.0 0.0 9922.0 532.0 9.56 0.0 4.0 3.0 0.0 0.0 0.4 0.0 12.0 3.0
19/03/14 23:59:20 5371.0 0.0 7983.0 0.0 267.0 0.0 10045.0 557.0 9.14 0.0 4.0 3.0 0.0 0.0 0.42 0.0 12.0 3.0
19/03/14 23:59:30 5371.0 0.0 7983.0 0.0 267.0 0.0 9595.0 505.0 8.79 0.0 4.0 3.0 0.0 0.0 0.59 0.0 12.0 3.0
19/03/14 23:59:40 5369.0 0.0 7983.0 0.0 269.0 0.0 11206.0 588.0 11.99 0.0 4.0 3.0 0.0 0.0 0.58 0.0 12.0 3.0
19/03/14 23:59:50 5368.0 0.0 7983.0 0.0 270.0 0.0 11165.0 592.0 12.02 0.0 4.0 3.0 0.0 0.0 0.97 0.0 12.0 3.0
19/03/15 00:00:00 5368.0 0.0 7983.0 0.0 269.0 0.0 11071.0 583.0 11.28 0.0 4.0 3.0 0.0 0.0 0.9 0.0 12.0 3.0
19/03/15 00:00:10 5368.0 0.0 7983.0 0.0 270.0 0.0 10.99 589.0 12.05 0.0 4.0 3.0 0.0 0.0 0.91 0.0 12.0 3.0
19/03/15 00:00:20 5368.0 0.0 7983.0 0.0 270.0 0.0 10994.0 607.0 12.34 0.0 4.0 3.0 0.0 0.0 0.85 0.0 12.0 3.0
19/03/15 00:00:30 5368.0 0.0 7983.0 0.0 270.0 0.0 11186.0 568.0 10.24 0.0 0.0 3.0 0.0 0.0 0.88 0.0 12.0 3.0
19/03/15 00:00:40 5367.0 0.0 7983.0 0.0 270.0 0.0 10931.0 584.0 11.66 0.0 0.0 3.0 0.0 0.0 1.04 0.0 12.0 3.0
19/03/15 00:00:50 5367.0 0.0 7983.0 0.0 270.0 0.0 10732.0 561.0 12.79 0.0 0.0 3.0 0.0 0.0 0.88 0.0 12.0 3.0
19/03/15 00:01:00 5367.0 0.0 7983.0 0.0 270.0 0.0 11053.0 599.0 13.08 0.0 0.0 3.0 0.0 0.0 0.98 0.0 12.0 3.0
19/03/15 00:01:10 5367.0 0.0 7983.0 0.0 270.0 0.0 11081.0 559.0 9.9 0.0 4.0 3.0 0.0 0.0 0.91 0.0 12.0 3.0
19/03/15 00:01:20 5367.0 0.0 7983.0 0.0 269.0 0.0 10803.0 555.0 11.95 0.0 4.0 3.0 0.0 0.0 0.77 0.0 12.0 3.0
19/03/15 00:01:30 5367.0 0.0 7983.0 0.0 270.0 0.0 10497.0 556.0 11.28 0.0 4.0 3.0 0.0 0.0 0.81 0.0 12.0 3.0
19/03/15 00:01:40 5367.0 0.0 7983.0 0.0 269.0 0.0 10668.0 585.0 12.34 0.0 6.0 3.0 0.0 0.0 0.68 0.0 12.0 3.0
19/03/15 00:01:50 5366.0 0.0 7983.0 0.0 270.0 0.0 10442.0 558.0 10.54 0.0 4.0 3.0 0.0 0.0 0.9 0.0 12.0 3.0
19/03/15 00:02:00 5366.0 0.0 7983.0 0.0 270.0 0.0 11635.0 596.0 12.47 0.0 4.0 3.0 0.0 0.0 0.76 0.0 12.0 3.0
19/03/15 00:02:10 5359.0 0.0 7983.0 0.0 276.0 0.0 11915.0 611.0 11.79 0.0 6.0 3.0 0.0 0.0 0.72 0.0 12.0 3.0
19/03/15 00:02:20 5360.0 0.0 7983.0 0.0 276.0 0.0 11388.0 595.0 11.66 0.0 4.0 3.0 0.0 0.0 0.69 0.0 12.0 3.0
19/03/15 00:02:30 5359.0 0.0 7983.0 0.0 276.0 0.0 11394.0 577.0 11.17 0.0 4.0 3.0 0.0 0.0 0.58 0.0 12.0 3.0
19/03/15 00:02:40 5359.0 0.0 7983.0 0.0 276.0 0.0 11399.0 599.0 13.38 0.0 6.0 3.0 0.0 0.0 0.49 0.0 12.0 3.0
19/03/15 00:02:50 5359.0 0.0 7983.0 0.0 276.0 0.0 11712.0 607.0 11.11 0.0 4.0 3.0 0.0 0.0 0.42 0.0 12.0 3.0
19/03/15 00:03:00 5358.0 0.0 7983.0 0.0 276.0 0.0 11523.0 601.0 10.65 0.0 12.0 3.0 0.0 0.0 1.11 0.0 12.0 3.0
19/03/15 00:03:10 5359.0 0.0 7983.0 0.0 276.0 0.0 11194.0 606.0 11.51 0.0 6.0 3.0 0.0 0.0 1.16 0.0 12.0 3.0
19/03/15 00:03:20 5358.0 0.0 7983.0 0.0 276.0 0.0 11219.0 573.0 13.27 0.0 4.0 3.0 0.0 0.0 1.06 0.0 12.0 3.0
19/03/15 00:03:30 5358.0 0.0 7983.0 0.0 276.0 0.0 10181.0 565.0 10.54 0.0 4.0 3.0 0.0 0.0 0.9 0.0 12.0 3.0
19/03/15 00:03:40 5358.0 0.0 7983.0 0.0 277.0 0.0 12017.0 607.0 10.68 0.0 4.0 3.0 0.0 0.0 1.22 0.0 12.0 3.0
19/03/15 00:03:50 5357.0 0.0 7983.0 0.0 277.0 0.0 11407.0 588.0 12.6 0.0 0.0 3.0 0.0 0.0 1.04 0.0 12.0 3.0
19/03/15 00:04:00 5358.0 0.0 7983.0 0.0 276.0 0.0 11.72 0.6 10.32 0.0 0.0 3.0 0.0 0.0 0.88 0.0 12.0 3.0
19/03/15 00:04:10 5357.0 0.0 7983.0 0.0 277.0 0.0 11184.0 585.0 12.05 0.0 0.0 3.0 0.0 0.0 0.82 0.0 12.0 3.0
19/03/15 00:04:20 5357.0 0.0 7983.0 0.0 276.0 0.0 11.2 602.0 11.83 0.0 0.0 3.0 0.0 0.0 0.69 0.0 12.0 3.0
19/03/15 00:04:30 5357.0 0.0 7983.0 0.0 276.0 0.0 11899.0 0.63 11.4 0.0 0.0 3.0 0.0 0.0 0.64 0.0 12.0 3.0
19/03/15 00:04:40 5357.0 0.0 7983.0 0.0 277.0 0.0 11321.0 483.0 11.25 0.0 0.0 3.0 0.0 0.0 0.54 0.0 12.0 3.0
19/03/15 00:04:50 5357.0 0.0 7983.0 0.0 276.0 0.0 11746.0 626.0 12.24 0.0 0.0 3.0 0.0 0.0 0.77 0.0 12.0 3.0
19/03/15 00:05:00 5354.0 0.0 7983.0 0.0 279.0 0.0 11743.0 567.0 12.82 0.0 0.0 3.0 0.0 0.0 0.72 0.0 12.0 3.0
19/03/15 00:05:10 5354.0 0.0 7983.0 0.0 279.0 0.0 11935.0 596.0 11.66 0.0 0.0 3.0 0.0 0.0 0.69 0.0 12.0 3.0
19/03/15 00:05:20 5354.0 0.0 7983.0 0.0 279.0 0.0 10975.0 555.0 10.18 0.0 0.0 3.0 0.0 0.0 0.73 0.0 12.0 3.0
19/03/15 00:05:30 5353.0 0.0 7983.0 0.0 280.0 0.0 11941.0 594.0 12.56 0.0 0.0 3.0 0.0 0.0 0.7 0.0 12.0 3.0
19/03/15 00:05:40 5353.0 0.0 7983.0 0.0 279.0 0.0 11817.0 594.0 12.18 0.0 0.0 3.0 0.0 0.0 0.59 0.0 12.0 3.0
19/03/15 00:05:50 5353.0 0.0 7983.0 0.0 280.0 0.0 10718.0 537.0 7.59 0.0 0.0 3.0 0.0 0.0 0.65 0.0 12.0 3.0
19/03/15 00:06:00 5353.0 0.0 7983.0 0.0 279.0 0.0 11948.0 579.0 11.2 0.0 0.0 3.0 0.0 0.0 0.55 0.0 12.0 3.0
19/03/15 00:06:10 5353.0 0.0 7983.0 0.0 280.0 0.0 11458.0 579.0 12.05 0.0 0.0 3.0 0.0 0.0 0.46 0.0 12.0 3.0
19/03/15 00:06:20 5352.0 0.0 7983.0 0.0 279.0 0.0 11676.0 582.0 12.14 0.0 0.0 3.0 0.0 0.0 0.54 0.0 12.0 3.0
19/03/15 00:06:30 5352.0 0.0 7983.0 0.0 279.0 0.0 11437.0 566.0 11.14 0.0 0.0 3.0 0.0 0.0 0.6 0.0 12.0 3.0
19/03/15 00:06:40 5352.0 0.0 7983.0 0.0 279.0 0.0 11327.0 575.0 12.08 0.0 0.0 3.0 0.0 0.0 0.66 0.0 12.0 3.0
19/03/15 00:06:50 5352.0 0.0 7983.0 0.0 279.0 0.0 10387.0 538.0 10.74 0.0 0.0 3.0 0.0 0.0 0.56 0.0 12.0 3.0
19/03/15 00:07:00 5352.0 0.0 7983.0 0.0 279.0 0.0 11642.0 613.0 12.37 0.0 0.0 3.0 0.0 0.0 0.54 0.0 12.0 3.0
19/03/15 00:07:10 5351.0 0.0 7983.0 0.0 280.0 0.0 12441.0 599.0 15.29 0.0 0.0 3.0 0.0 0.0 0.46 0.0 12.0 3.0
19/03/15 00:07:20 5350.0 0.0 7983.0 0.0 281.0 0.0 11185.0 589.0 10.97 0.0 0.0 3.0 0.0 0.0 0.46 0.0 12.0 3.0
19/03/15 00:07:30 5349.0 0.0 7983.0 0.0 282.0 0.0 11519.0 575.0 14.32 0.0 0.0 3.0 0.0 0.0 0.63 0.0 12.0 3.0
19/03/15 00:07:40 5349.0 0.0 7983.0 0.0 281.0 0.0 11442.0 586.0 12.98 0.0 0.0 3.0 0.0 0.0 0.85 0.0 12.0 3.0
19/03/15 00:07:50 5349.0 0.0 7983.0 0.0 281.0 0.0 10791.0 555.0 12.24 0.0 0.0 3.0 0.0 0.0 0.95 0.0 12.0 3.0
19/03/15 00:08:00 5351.0 0.0 7983.0 0.0 280.0 0.0 12003.0 607.0 17.13 0.0 0.0 3.0 0.0 0.0 0.96 0.0 12.0 3.0
19/03/15 00:08:10 5350.0 0.0 7983.0 0.0 280.0 0.0 11877.0 481.0 11.76 0.0 0.0 3.0 0.0 0.0 0.96 0.0 12.0 3.0
19/03/15 00:08:20 5350.0 0.0 7983.0 0.0 280.0 0.0 11.3 583.0 11.89 0.0 0.0 3.0 0.0 0.0 0.9 0.0 12.0 3.0
19/03/15 00:08:30 5350.0 0.0 7983.0 0.0 280.0 0.0 10946.0 566.0 13.85 0.0 0.0 3.0 0.0 0.0 0.76 0.0 12.0 3.0
19/03/15 00:08:40 5350.0 0.0 7983.0 0.0 279.0 0.0 11196.0 532.0 11.08 0.0 0.0 3.0 0.0 0.0 0.71 0.0 12.0 3.0
19/03/15 00:08:50 5350.0 0.0 7983.0 0.0 280.0 0.0 11279.0 555.0 13.11 0.0 0.0 3.0 0.0 0.0 0.6 0.0 12.0 3.0
19/03/15 00:09:00 5350.0 0.0 7983.0 0.0 279.0 0.0 12008.0 579.0 12.37 0.0 0.0 3.0 0.0 0.0 0.51 0.0 12.0 3.0
19/03/15 00:09:10 5350.0 0.0 7983.0 0.0 279.0 0.0 11549.0 581.0 13.21 0.0 0.0 3.0 0.0 0.0 0.58 0.0 12.0 3.0
19/03/15 00:09:20 5350.0 0.0 7983.0 0.0 279.0 0.0 11652.0 598.0 12.6 0.0 0.0 3.0 0.0 0.0 0.49 0.0 12.0 3.0
19/03/15 00:09:30 5349.0 0.0 7983.0 0.0 279.0 0.0 11792.0 585.0 13.01 0.0 0.0 3.0 0.0 0.0 0.41 0.0 12.0 3.0
19/03/15 00:09:40 5349.0 0.0 7983.0 0.0 280.0 0.0 12007.0 581.0 10.51 0.0 0.0 3.0 0.0 0.0 0.35 0.0 12.0 3.0
19/03/15 00:09:50 5349.0 0.0 7983.0 0.0 280.0 0.0 11523.0 571.0 13.23 0.0 0.0 3.0 0.0 0.0 0.37 0.0 12.0 3.0
19/03/15 00:10:00 5349.0 0.0 7983.0 0.0 279.0 0.0 11.44 611.0 13.45 0.0 0.0 3.0 0.0 0.0 0.31 0.0 12.0 3.0
19/03/15 00:10:10 5349.0 0.0 7983.0 0.0 280.0 0.0 11565.0 589.0 14.21 0.0 0.0 3.0 0.0 0.0 0.26 0.0 12.0 3.0
19/03/15 00:10:20 5348.0 0.0 7983.0 0.0 279.0 0.0 10672.0 556.0 10.88 0.0 0.0 3.0 0.0 0.0 0.37 0.0 12.0 3.0
19/03/15 00:10:30 5348.0 0.0 7983.0 0.0 280.0 0.0 20342.0 974.0 13.47 0.0 0.0 3.0 0.0 0.0 0.47 0.0 12.0 3.0
19/03/15 00:10:40 5347.0 0.0 7983.0 0.0 280.0 0.0 20298.0 1068.0 22.66 0.0 0.0 3.0 0.0 0.0 0.55 0.0 12.0 3.0
19/03/15 00:10:50 5347.0 0.0 7983.0 0.0 280.0 0.0 20257.0 1007.0 20.05 0.0 0.0 3.0 0.0 0.0 0.54 0.0 12.0 3.0
19/03/15 00:11:00 5347.0 0.0 7983.0 0.0 280.0 0.0 20266.0 1036.0 20.86 0.0 0.0 3.0 0.0 0.0 0.45 0.0 12.0 3.0
19/03/15 00:11:10 5346.0 0.0 7983.0 0.0 280.0 0.0 20225.0 1072.0 22.48 0.0 0.0 3.0 0.0 0.0 0.38 0.0 12.0 3.0
19/03/15 00:11:20 5347.0 0.0 7983.0 0.0 280.0 0.0 19.97 1.04 21.01 0.0 0.0 3.0 0.0 0.0 0.96 0.0 12.0 3.0
19/03/15 00:11:30 5347.0 0.0 7983.0 0.0 280.0 0.0 20.19 944.0 19.9 0.0 0.0 3.0 0.0 0.0 1.21 0.0 12.0 3.0
19/03/15 00:11:40 5346.0 0.0 7983.0 0.0 279.0 0.0 20727.0 1047.0 20.63 0.0 0.0 3.0 0.0 0.0 1.11 0.0 12.0 3.0
19/03/15 00:11:50 5346.0 0.0 7983.0 0.0 280.0 0.0 22861.0 1132.0 22.61 0.0 0.0 3.0 0.0 0.0 1.01 0.0 12.0 3.0
19/03/15 00:12:00 5345.0 0.0 7983.0 0.0 280.0 0.0 23086.0 1194.0 23.36 0.0 0.0 3.0 0.0 0.0 1.23 0.0 12.0 3.0
19/03/15 00:12:10 5344.0 0.0 7983.0 0.0 281.0 0.0 21332.0 1128.0 23.1 0.0 0.0 3.0 0.0 0.0 1.2 0.0 12.0 3.0
19/03/15 00:12:20 5344.0 0.0 7983.0 0.0 281.0 0.0 21578.0 1128.0 22.67 0.0 0.0 3.0 0.0 0.0 1.02 0.0 12.0 3.0
19/03/15 00:12:30 5344.0 0.0 7983.0 0.0 281.0 0.0 22.68 1165.0 19.29 0.0 0.0 3.0 0.0 0.0 1.08 0.0 12.0 3.0
19/03/15 00:12:40 5343.0 0.0 7983.0 0.0 280.0 0.0 23.18 1129.0 22.93 0.0 0.0 3.0 0.0 0.0 1.15 0.0 12.0 3.0
19/03/15 00:12:50 5343.0 0.0 7983.0 0.0 281.0 0.0 22436.0 1052.0 22.22 0.0 0.0 3.0 0.0 0.0 1.05 0.0 12.0 3.0
19/03/15 00:13:00 5343.0 0.0 7983.0 0.0 281.0 0.0 22541.0 1161.0 22.55 0.0 2.0 3.0 0.0 0.0 1.04 0.0 12.0 3.0
19/03/15 00:13:10 5342.0 0.0 7983.0 0.0 281.0 0.0 24202.0 1237.0 24.93 0.0 0.0 3.0 0.0 0.0 0.88 0.0 12.0 3.0
19/03/15 00:13:20 5342.0 0.0 7983.0 0.0 281.0 0.0 24494.0 1226.0 25.27 0.0 0.0 3.0 0.0 0.0 0.89 0.0 12.0 3.0
19/03/15 00:13:30 5342.0 0.0 7983.0 0.0 280.0 0.0 24731.0 1292.0 25.07 0.0 0.0 3.0 0.0 0.0 0.91 0.0 12.0 3.0
19/03/15 00:13:40 5342.0 0.0 7983.0 0.0 280.0 0.0 24784.0 1.28 23.53 0.0 8.0 3.0 0.0 0.0 0.92 0.0 12.0 3.0
19/03/15 00:13:50 5341.0 0.0 7983.0 0.0 281.0 0.0 23667.0 1227.0 24.12 0.0 4.0 3.0 0.0 0.0 0.78 0.0 12.0 3.0
19/03/15 00:14:00 5337.0 0.0 7983.0 0.0 285.0 0.0 24258.0 1178.0 25.8 0.0 0.0 3.0 0.0 0.0 1.1 0.0 12.0 3.0
19/03/15 00:14:10 5336.0 0.0 7983.0 0.0 285.0 0.0 23195.0 1227.0 23.1 0.0 0.0 3.0 0.0 0.0 1.16 0.0 12.0 3.0
19/03/15 00:14:20 5336.0 0.0 7983.0 0.0 285.0 0.0 24179.0 1181.0 25.94 0.0 4.0 3.0 0.0 0.0 1.6 0.0 12.0 3.0
19/03/15 00:14:30 5336.0 0.0 7983.0 0.0 285.0 0.0 24703.0 1231.0 24.6 0.0 0.0 3.0 0.0 0.0 1.67 0.0 12.0 3.0
19/03/15 00:14:40 5336.0 0.0 7983.0 0.0 285.0 0.0 24484.0 1195.0 22.04 0.0 0.0 3.0 0.0 0.0 1.66 0.0 12.0 3.0
19/03/15 00:14:50 5335.0 0.0 7983.0 0.0 285.0 0.0 24224.0 1216.0 25.07 0.0 12.0 3.0 0.0 0.0 1.96 0.0 12.0 3.0
19/03/15 00:15:00 5335.0 0.0 7983.0 0.0 285.0 0.0 24.4 1248.0 23.92 0.0 0.0 3.0 0.0 0.0 2.03 0.0 12.0 3.0
19/03/15 00:15:10 5334.0 0.0 7983.0 0.0 285.0 0.0 23748.0 1247.0 23.06 0.0 4.0 3.0 0.0 0.0 2.02 0.0 12.0 3.0
19/03/15 00:15:20 5334.0 0.0 7983.0 0.0 285.0 0.0 25616.0 1232.0 26.6 0.0 6.0 3.0 0.0 0.0 2.38 0.0 12.0 3.0
19/03/15 00:15:30 5334.0 0.0 7983.0 0.0 285.0 0.0 25383.0 1244.0 25.87 0.0 4.0 3.0 0.0 0.0 2.25 0.0 12.0 3.0
19/03/15 00:15:40 5333.0 0.0 7983.0 0.0 285.0 0.0 24081.0 1247.0 26.19 0.0 4.0 3.0 0.0 0.0 2.29 0.0 12.0 3.0
19/03/15 00:15:50 5333.0 0.0 7983.0 0.0 285.0 0.0 24372.0 1238.0 25.07 0.0 6.0 3.0 0.0 0.0 2.09 0.0 12.0 3.0
19/03/15 00:16:00 5333.0 0.0 7983.0 0.0 285.0 0.0 25507.0 1257.0 24.6 0.0 0.0 3.0 0.0 0.0 1.93 0.0 12.0 3.0
19/03/15 00:16:10 5332.0 0.0 7983.0 0.0 285.0 0.0 19809.0 1077.0 21.99 0.0 0.0 3.0 0.0 0.0 1.87 0.0 12.0 3.0
19/03/15 00:16:20 5332.0 0.0 7983.0 0.0 285.0 0.0 24328.0 1.27 24.33 0.0 0.0 3.0 0.0 0.0 1.82 0.0 12.0 3.0
19/03/15 00:16:30 5331.0 0.0 7983.0 0.0 286.0 0.0 25371.0 1254.0 24.94 0.0 4.0 3.0 0.0 0.0 1.54 0.0 12.0 3.0
19/03/15 00:16:40 5331.0 0.0 7983.0 0.0 285.0 0.0 23423.0 1143.0 24.05 0.0 4.0 3.0 0.0 0.0 1.38 0.0 12.0 3.0
19/03/15 00:16:50 5331.0 0.0 7983.0 0.0 285.0 0.0 23274.0 1152.0 24.46 0.0 4.0 3.0 0.0 0.0 1.33 0.0 12.0 3.0
19/03/15 00:17:00 5330.0 0.0 7983.0 0.0 285.0 0.0 24596.0 1243.0 26.13 0.0 4.0 3.0 0.0 0.0 1.28 0.0 12.0 3.0
19/03/15 00:17:10 5330.0 0.0 7983.0 0.0 285.0 0.0 24.97 1159.0 26.13 0.0 4.0 3.0 0.0 0.0 1.4 0.0 12.0 3.0
19/03/15 00:17:20 5330.0 0.0 7983.0 0.0 285.0 0.0 24556.0 1.2 23.59 0.0 6.0 3.0 0.0 0.0 1.34 0.0 12.0 3.0
19/03/15 00:17:30 5329.0 0.0 7983.0 0.0 285.0 0.0 23937.0 1239.0 24.07 0.0 6.0 3.0 0.0 0.0 1.77 0.0 12.0 3.0
19/03/15 00:17:40 5329.0 0.0 7983.0 0.0 285.0 0.0 24204.0 1245.0 22.02 0.0 6.0 3.0 0.0 0.0 1.67 0.0 12.0 3.0
19/03/15 00:17:50 5329.0 0.0 7983.0 0.0 285.0 0.0 25506.0 1268.0 24.41 0.0 4.0 3.0 0.0 0.0 1.49 0.0 12.0 3.0
19/03/15 00:18:00 5329.0 0.0 7983.0 0.0 285.0 0.0 24608.0 1237.0 25.33 0.0 4.0 3.0 0.0 0.0 1.26 0.0 12.0 3.0
19/03/15 00:18:10 5328.0 0.0 7983.0 0.0 285.0 0.0 25303.0 1289.0 23.95 0.0 6.0 3.0 0.0 0.0 1.3 0.0 12.0 3.0
19/03/15 00:18:20 5328.0 0.0 7983.0 0.0 285.0 0.0 24077.0 1234.0 23.88 0.0 0.0 3.0 0.0 0.0 1.32 0.0 12.0 3.0
19/03/15 00:18:30 5328.0 0.0 7983.0 0.0 285.0 0.0 26363.0 1312.0 24.01 0.0 0.0 3.0 0.0 0.0 1.35 0.0 12.0 3.0
19/03/15 00:18:40 5327.0 0.0 7983.0 0.0 285.0 0.0 24.99 1253.0 25.2 0.0 0.0 3.0 0.0 0.0 1.14 0.0 12.0 3.0
19/03/15 00:18:50 5327.0 0.0 7983.0 0.0 285.0 0.0 25469.0 1.21 22.28 0.0 0.0 3.0 0.0 0.0 1.12 0.0 12.0 3.0
19/03/15 00:19:00 5327.0 0.0 7983.0 0.0 285.0 0.0 23689.0 1209.0 26.51 0.0 0.0 3.0 0.0 0.0 1.18 0.0 12.0 3.0
19/03/15 00:19:10 5326.0 0.0 7983.0 0.0 286.0 0.0 24567.0 1189.0 23.5 0.0 0.0 3.0 0.0 0.0 1.15 0.0 12.0 3.0
19/03/15 00:19:20 5325.0 0.0 7983.0 0.0 286.0 0.0 24878.0 1252.0 25.99 0.0 0.0 3.0 0.0 0.0 1.29 0.0 12.0 3.0
19/03/15 00:19:30 5325.0 0.0 7983.0 0.0 286.0 0.0 23671.0 1222.0 23.08 0.0 0.0 3.0 0.0 0.0 1.1 0.0 12.0 3.0
19/03/15 00:19:40 5325.0 0.0 7983.0 0.0 286.0 0.0 25856.0 1258.0 26.08 0.0 0.0 3.0 0.0 0.0 1.41 0.0 12.0 3.0
19/03/15 00:19:50 5325.0 0.0 7983.0 0.0 286.0 0.0 23536.0 1249.0 25.71 0.0 0.0 3.0 0.0 0.0 1.5 0.0 12.0 3.0
19/03/15 00:20:00 5325.0 0.0 7983.0 0.0 286.0 0.0 25037.0 1232.0 26.72 0.0 0.0 3.0 0.0 0.0 1.35 0.0 12.0 3.0
19/03/15 00:20:10 5324.0 0.0 7983.0 0.0 286.0 0.0 24887.0 1244.0 22.97 0.0 0.0 3.0 0.0 0.0 1.76 0.0 12.0 3.0
19/03/15 00:20:20 5324.0 0.0 7983.0 0.0 286.0 0.0 21893.0 1214.0 18.3 0.0 0.0 3.0 0.0 0.0 1.73 0.0 12.0 3.0
19/03/15 00:20:30 5324.0 0.0 7983.0 0.0 286.0 0.0 25437.0 1218.0 23.73 0.0 0.0 3.0 0.0 0.0 1.79 0.0 12.0 3.0
19/03/15 00:20:40 5322.0 0.0 7983.0 0.0 286.0 0.0 25.39 1237.0 24.87 0.0 0.0 3.0 0.0 0.0 1.51 0.0 12.0 3.0
19/03/15 00:20:50 5322.0 0.0 7983.0 0.0 286.0 0.0 25686.0 1.25 24.47 0.0 0.0 3.0 0.0 0.0 1.35 0.0 12.0 3.0
19/03/15 00:21:00 5322.0 0.0 7983.0 0.0 286.0 0.0 25411.0 1243.0 25.8 0.0 0.0 3.0 0.0 0.0 1.59 0.0 12.0 3.0
19/03/15 00:21:10 5322.0 0.0 7983.0 0.0 286.0 0.0 24406.0 1188.0 23.97 0.0 0.0 3.0 0.0 0.0 1.66 0.0 12.0 3.0
19/03/15 00:21:20 5322.0 0.0 7983.0 0.0 286.0 0.0 24465.0 1156.0 24.47 0.0 0.0 3.0 0.0 0.0 1.49 0.0 12.0 3.0
19/03/15 00:21:30 5321.0 0.0 7983.0 0.0 286.0 0.0 23415.0 1142.0 23.08 0.0 0.0 3.0 0.0 0.0 1.26 0.0 12.0 3.0
19/03/15 00:21:40 5322.0 0.0 7983.0 0.0 285.0 0.0 24741.0 1259.0 26.58 0.0 0.0 3.0 0.0 0.0 1.68 0.0 12.0 3.0
19/03/15 00:21:50 5321.0 0.0 7983.0 0.0 286.0 0.0 25624.0 1.21 26.37 0.0 0.0 3.0 0.0 0.0 1.54 0.0 12.0 3.0
19/03/15 00:22:00 5321.0 0.0 7983.0 0.0 285.0 0.0 24539.0 1111.0 25.27 0.0 0.0 3.0 0.0 0.0 1.84 0.0 12.0 3.0
19/03/15 00:22:10 5320.0 0.0 7983.0 0.0 286.0 0.0 29991.0 1519.0 31.03 0.0 0.0 3.0 0.0 0.0 1.56 0.0 12.0 3.0
19/03/15 00:22:20 5320.0 0.0 7983.0 0.0 285.0 0.0 33078.0 1525.0 30.98 0.0 0.0 3.0 0.0 0.0 1.32 0.0 12.0 3.0
19/03/15 00:22:30 5320.0 0.0 7983.0 0.0 285.0 0.0 32647.0 1589.0 31.35 0.0 0.0 3.0 0.0 0.0 1.27 0.0 12.0 3.0
19/03/15 00:22:40 5319.0 0.0 7983.0 0.0 286.0 0.0 33048.0 1.56 29.43 0.0 0.0 3.0 0.0 0.0 1.22 0.0 12.0 3.0
19/03/15 00:22:50 5319.0 0.0 7983.0 0.0 286.0 0.0 32015.0 1527.0 31.34 0.0 0.0 3.0 0.0 0.0 1.33 0.0 12.0 3.0
19/03/15 00:23:00 5318.0 0.0 7983.0 0.0 286.0 0.0 33176.0 1559.0 32.35 0.0 0.0 3.0 0.0 0.0 1.58 0.0 12.0 3.0
19/03/15 00:23:10 5318.0 0.0 7983.0 0.0 286.0 0.0 30664.0 1371.0 30.27 0.0 6.0 3.0 0.0 0.0 1.64 0.0 12.0 3.0
19/03/15 00:23:20 5318.0 0.0 7983.0 0.0 285.0 0.0 31931.0 1.61 29.54 0.0 0.0 3.0 0.0 0.0 2.0 0.0 12.0 3.0
19/03/15 00:23:30 5317.0 0.0 7983.0 0.0 285.0 0.0 35.03 1717.0 33.42 0.0 0.0 3.0 0.0 0.0 1.84 0.0 12.0 3.0
19/03/15 00:23:40 5316.0 0.0 7983.0 0.0 286.0 0.0 34563.0 1699.0 31.17 0.0 6.0 3.0 0.0 0.0 1.95 0.0 12.0 3.0
19/03/15 00:23:50 5316.0 0.0 7983.0 0.0 286.0 0.0 33738.0 1634.0 31.81 0.0 2.0 3.0 0.0 0.0 1.95 0.0 12.0 3.0
19/03/15 00:24:00 5316.0 0.0 7983.0 0.0 286.0 0.0 35059.0 1623.0 33.06 0.0 4.0 3.0 0.0 0.0 1.65 0.0 12.0 3.0
19/03/15 00:24:10 5314.0 0.0 7983.0 0.0 286.0 0.0 34937.0 1679.0 35.56 0.0 4.0 3.0 0.0 0.0 1.93 0.0 12.0 3.0
19/03/15 00:24:20 5315.0 0.0 7983.0 0.0 286.0 0.0 30358.0 1616.0 29.57 0.0 10.0 3.0 0.0 0.0 1.85 0.0 12.0 3.0
19/03/15 00:24:30 5315.0 0.0 7983.0 0.0 286.0 0.0 36335.0 1726.0 35.83 0.0 4.0 3.0 0.0 0.0 1.88 0.0 12.0 3.0
19/03/15 00:24:40 5314.0 0.0 7983.0 0.0 286.0 0.0 35078.0 1761.0 34.58 0.0 4.0 3.0 0.0 0.0 1.83 0.0 12.0 3.0
19/03/15 00:24:50 5314.0 0.0 7983.0 0.0 285.0 0.0 35.26 1696.0 35.77 0.0 4.0 3.0 0.0 0.0 2.02 0.0 12.0 3.0
19/03/15 00:25:00 5314.0 0.0 7983.0 0.0 285.0 0.0 36056.0 1.65 35.19 0.0 4.0 3.0 0.0 0.0 2.08 0.0 12.0 3.0
19/03/15 00:25:10 5313.0 0.0 7983.0 0.0 285.0 0.0 36471.0 1654.0 35.33 0.0 4.0 3.0 0.0 0.0 2.05 0.0 12.0 3.0
19/03/15 00:25:20 5313.0 0.0 7983.0 0.0 285.0 0.0 36183.0 1669.0 35.68 0.0 4.0 3.0 0.0 0.0 1.81 0.0 12.0 3.0
19/03/15 00:25:30 5312.0 0.0 7983.0 0.0 286.0 0.0 36042.0 1783.0 34.75 0.0 2.0 3.0 0.0 0.0 1.91 0.0 12.0 3.0
19/03/15 00:25:40 5311.0 0.0 7983.0 0.0 286.0 0.0 33703.0 1495.0 32.8 0.0 0.0 3.0 0.0 0.0 1.78 0.0 12.0 3.0
19/03/15 00:25:50 5311.0 0.0 7983.0 0.0 286.0 0.0 36646.0 1732.0 35.04 0.0 0.0 3.0 0.0 0.0 1.58 0.0 12.0 3.0
19/03/15 00:26:00 5310.0 0.0 7983.0 0.0 286.0 0.0 36283.0 1723.0 34.33 0.0 0.0 3.0 0.0 0.0 1.34 0.0 12.0 3.0
19/03/15 00:26:10 5310.0 0.0 7983.0 0.0 286.0 0.0 36865.0 1725.0 32.97 0.0 0.0 3.0 0.0 0.0 1.28 0.0 12.0 3.0
19/03/15 00:26:20 5310.0 0.0 7983.0 0.0 286.0 0.0 37.23 1.62 34.48 0.0 0.0 3.0 0.0 0.0 1.78 0.0 12.0 3.0
19/03/15 00:26:30 5309.0 0.0 7983.0 0.0 285.0 0.0 34988.0 1712.0 35.9 0.0 0.0 3.0 0.0 0.0 1.54 0.0 12.0 3.0
19/03/15 00:26:40 5309.0 0.0 7983.0 0.0 285.0 0.0 33754.0 1688.0 31.18 0.0 0.0 3.0 0.0 0.0 1.67 0.0 12.0 3.0
19/03/15 00:26:50 5309.0 0.0 7983.0 0.0 285.0 0.0 36.14 1724.0 33.61 0.0 0.0 3.0 0.0 0.0 1.63 0.0 12.0 3.0
19/03/15 00:27:00 5308.0 0.0 7983.0 0.0 285.0 0.0 36.32 1.7 36.29 0.0 0.0 3.0 0.0 0.0 1.6 0.0 12.0 3.0
19/03/15 00:27:10 5308.0 0.0 7983.0 0.0 285.0 0.0 35841.0 1716.0 35.34 0.0 0.0 3.0 0.0 0.0 1.68 0.0 12.0 3.0
19/03/15 00:27:20 5307.0 0.0 7983.0 0.0 285.0 0.0 35.91 1.7 35.68 0.0 0.0 3.0 0.0 0.0 1.81 0.0 12.0 3.0
19/03/15 00:27:30 5307.0 0.0 7983.0 0.0 285.0 0.0 37814.0 1666.0 33.16 0.0 0.0 3.0 0.0 0.0 1.91 0.0 12.0 3.0
19/03/15 00:27:40 5306.0 0.0 7983.0 0.0 285.0 0.0 36686.0 1702.0 34.15 0.0 0.0 3.0 0.0 0.0 1.69 0.0 12.0 3.0
19/03/15 00:27:50 5305.0 0.0 7983.0 0.0 286.0 0.0 35.96 1707.0 34.95 0.0 0.0 3.0 0.0 0.0 1.75 0.0 12.0 3.0
19/03/15 00:28:00 5305.0 0.0 7983.0 0.0 285.0 0.0 36527.0 1683.0 36.77 0.0 0.0 3.0 0.0 0.0 1.95 0.0 12.0 3.0
19/03/15 00:28:10 5305.0 0.0 7983.0 0.0 285.0 0.0 35425.0 1.71 33.6 0.0 0.0 3.0 0.0 0.0 2.11 0.0 12.0 3.0
19/03/15 00:28:20 5305.0 0.0 7983.0 0.0 285.0 0.0 35395.0 1607.0 29.03 0.0 0.0 3.0 0.0 0.0 2.02 0.0 12.0 3.0
19/03/15 00:28:30 5304.0 0.0 7983.0 0.0 286.0 0.0 35742.0 1727.0 32.79 0.0 0.0 3.0 0.0 0.0 1.93 0.0 12.0 3.0
19/03/15 00:28:40 5304.0 0.0 7983.0 0.0 285.0 0.0 35941.0 1672.0 35.12 0.0 0.0 3.0 0.0 0.0 2.02 0.0 12.0 3.0
19/03/15 00:28:50 5303.0 0.0 7983.0 0.0 285.0 0.0 36793.0 1702.0 34.68 0.0 0.0 3.0 0.0 0.0 1.93 0.0 12.0 3.0
19/03/15 00:29:00 5302.0 0.0 7983.0 0.0 286.0 0.0 37047.0 1717.0 32.27 0.0 0.0 3.0 0.0 0.0 1.71 0.0 12.0 3.0
19/03/15 00:29:10 5302.0 0.0 7983.0 0.0 285.0 0.0 34889.0 1.67 36.02 0.0 0.0 3.0 0.0 0.0 1.99 0.0 12.0 3.0
19/03/15 00:29:20 5301.0 0.0 7983.0 0.0 286.0 0.0 36529.0 1726.0 35.5 0.0 0.0 3.0 0.0 0.0 1.84 0.0 12.0 3.0
19/03/15 00:29:30 5301.0 0.0 7983.0 0.0 285.0 0.0 34769.0 1531.0 33.15 0.0 0.0 3.0 0.0 0.0 1.88 0.0 12.0 3.0
19/03/15 00:29:40 5301.0 0.0 7983.0 0.0 285.0 0.0 35936.0 1713.0 36.68 0.0 0.0 3.0 0.0 0.0 1.91 0.0 12.0 3.0
19/03/15 00:29:50 5301.0 0.0 7983.0 0.0 285.0 0.0 36758.0 1.7 34.95 0.0 0.0 3.0 0.0 0.0 1.76 0.0 12.0 3.0
19/03/15 00:30:00 5300.0 0.0 7983.0 0.0 285.0 0.0 35874.0 1669.0 33.79 0.0 0.0 3.0 0.0 0.0 1.64 0.0 12.0 3.0
19/03/15 00:30:10 5300.0 0.0 7983.0 0.0 285.0 0.0 35756.0 1672.0 32.53 0.0 0.0 3.0 0.0 0.0 1.54 0.0 12.0 3.0
19/03/15 00:30:20 5299.0 0.0 7983.0 0.0 285.0 0.0 36255.0 1.64 34.49 0.0 0.0 3.0 0.0 0.0 1.93 0.0 12.0 3.0
19/03/15 00:30:30 5299.0 0.0 7983.0 0.0 285.0 0.0 35331.0 1.66 35.2 0.0 0.0 3.0 0.0 0.0 2.4 0.0 12.0 3.0
19/03/15 00:30:40 5298.0 0.0 7983.0 0.0 286.0 0.0 35395.0 1638.0 33.42 0.0 0.0 3.0 0.0 0.0 2.72 0.0 12.0 3.0
19/03/15 00:30:50 5298.0 0.0 7983.0 0.0 286.0 0.0 36454.0 1.7 34.33 0.0 0.0 3.0 0.0 0.0 2.45 0.0 12.0 3.0
19/03/15 00:31:00 5297.0 0.0 7983.0 0.0 286.0 0.0 36293.0 1676.0 34.12 0.0 0.0 3.0 0.0 0.0 2.15 0.0 12.0 3.0
19/03/15 00:31:10 5297.0 0.0 7983.0 0.0 285.0 0.0 35337.0 1606.0 33.6 0.0 0.0 3.0 0.0 0.0 2.06 0.0 12.0 3.0
19/03/15 00:31:20 5297.0 0.0 7983.0 0.0 285.0 0.0 33209.0 1701.0 34.04 0.0 0.0 3.0 0.0 0.0 2.06 0.0 12.0 3.0
19/03/15 00:31:30 5296.0 0.0 7983.0 0.0 286.0 0.0 36515.0 1698.0 35.81 0.0 0.0 3.0 0.0 0.0 2.11 0.0 12.0 3.0
19/03/15 00:31:40 5295.0 0.0 7983.0 0.0 286.0 0.0 36656.0 1627.0 32.05 0.0 0.0 3.0 0.0 0.0 2.17 0.0 12.0 3.0
19/03/15 00:31:50 5295.0 0.0 7983.0 0.0 286.0 0.0 36236.0 1.71 35.39 0.0 0.0 3.0 0.0 0.0 2.45 0.0 12.0 3.0
19/03/15 00:32:00 5295.0 0.0 7983.0 0.0 286.0 0.0 36.11 1.68 34.93 0.0 0.0 3.0 0.0 0.0 2.44 0.0 12.0 3.0
19/03/15 00:32:10 5295.0 0.0 7983.0 0.0 285.0 0.0 32681.0 1479.0 31.35 0.0 0.0 3.0 0.0 0.0 2.37 0.0 12.0 3.0
19/03/15 00:32:20 5294.0 0.0 7983.0 0.0 285.0 0.0 34678.0 1614.0 34.59 0.0 6.0 3.0 0.0 0.0 2.01 0.0 12.0 3.0
19/03/15 00:32:30 5293.0 0.0 7983.0 0.0 286.0 0.0 37351.0 1658.0 34.32 0.0 0.0 3.0 0.0 0.0 1.78 0.0 12.0 3.0
19/03/15 00:32:40 5293.0 0.0 7983.0 0.0 285.0 0.0 36576.0 1613.0 33.51 0.0 0.0 3.0 0.0 0.0 1.66 0.0 12.0 3.0
19/03/15 00:32:50 5292.0 0.0 7983.0 0.0 286.0 0.0 36898.0 1653.0 31.88 0.0 12.0 3.0 0.0 0.0 1.7 0.0 12.0 3.0
19/03/15 00:33:00 5292.0 0.0 7983.0 0.0 286.0 0.0 36413.0 1653.0 33.51 0.0 0.0 3.0 0.0 0.0 1.52 0.0 12.0 3.0
19/03/15 00:33:10 5290.0 0.0 7983.0 0.0 288.0 0.0 36954.0 1.68 34.59 0.0 0.0 3.0 0.0 0.0 1.37 0.0 12.0 3.0
19/03/15 00:33:20 5289.0 0.0 7983.0 0.0 287.0 0.0 35938.0 1647.0 34.64 0.0 0.0 3.0 0.0 0.0 1.38 0.0 12.0 3.0
19/03/15 00:33:30 5289.0 0.0 7983.0 0.0 287.0 0.0 37.28 1649.0 35.5 0.0 6.0 3.0 0.0 0.0 1.71 0.0 12.0 3.0
19/03/15 00:33:40 5288.0 0.0 7983.0 0.0 288.0 0.0 36695.0 1637.0 32.26 0.0 0.0 3.0 0.0 0.0 1.99 0.0 12.0 3.0
19/03/15 00:33:50 5288.0 0.0 7983.0 0.0 288.0 0.0 36054.0 1656.0 32.44 0.0 0.0 3.0 0.0 0.0 1.83 0.0 12.0 3.0
19/03/15 00:34:00 5288.0 0.0 7983.0 0.0 287.0 0.0 36482.0 1649.0 38.86 0.0 6.0 3.0 0.0 0.0 1.69 0.0 12.0 3.0
19/03/15 00:34:10 5287.0 0.0 7983.0 0.0 288.0 0.0 36511.0 1677.0 33.16 0.0 0.0 3.0 0.0 0.0 1.65 0.0 12.0 3.0
19/03/15 00:34:20 5287.0 0.0 7983.0 0.0 288.0 0.0 37761.0 1627.0 30.49 0.0 0.0 3.0 0.0 0.0 1.94 0.0 12.0 3.0
19/03/15 00:34:30 5287.0 0.0 7983.0 0.0 287.0 0.0 36797.0 1569.0 34.57 0.0 0.0 3.0 0.0 0.0 1.86 0.0 12.0 3.0
19/03/15 00:34:40 5285.0 0.0 7983.0 0.0 289.0 0.0 36973.0 1635.0 36.19 0.0 0.0 3.0 0.0 0.0 1.72 0.0 12.0 3.0
19/03/15 00:34:50 5284.0 0.0 7983.0 0.0 289.0 0.0 36311.0 1.61 33.24 0.0 0.0 3.0 0.0 0.0 1.85 0.0 12.0 3.0
19/03/15 00:35:00 5283.0 0.0 7983.0 0.0 289.0 0.0 35752.0 1641.0 34.4 0.0 0.0 3.0 0.0 0.0 2.11 0.0 12.0 3.0
19/03/15 00:35:10 5283.0 0.0 7983.0 0.0 289.0 0.0 35495.0 1587.0 34.51 0.0 0.0 3.0 0.0 0.0 1.85 0.0 12.0 3.0
19/03/15 00:35:20 5283.0 0.0 7983.0 0.0 289.0 0.0 37088.0 1569.0 37.33 0.0 0.0 3.0 0.0 0.0 1.94 0.0 12.0 3.0
19/03/15 00:35:30 5282.0 0.0 7983.0 0.0 289.0 0.0 37246.0 1658.0 30.73 0.0 0.0 3.0 0.0 0.0 1.88 0.0 12.0 3.0
19/03/15 00:35:40 5281.0 0.0 7983.0 0.0 290.0 0.0 36065.0 1712.0 37.08 0.0 0.0 3.0 0.0 0.0 2.45 0.0 12.0 3.0
19/03/15 00:35:50 5281.0 0.0 7983.0 0.0 290.0 0.0 35.28 1589.0 33.51 0.0 0.0 3.0 0.0 0.0 2.45 0.0 12.0 3.0
19/03/15 00:36:00 5280.0 0.0 7983.0 0.0 290.0 0.0 36249.0 1642.0 34.59 0.0 0.0 3.0 0.0 0.0 2.46 0.0 12.0 3.0
19/03/15 00:36:10 5266.0 0.0 7983.0 0.0 302.0 0.0 35756.0 1.6 30.3 0.0 0.0 3.0 0.0 0.0 2.08 0.0 12.0 3.0
19/03/15 00:36:20 4893.0 0.0 7983.0 0.0 676.0 0.0 33.95 1629.0 55.53 0.0 0.0 3.0 0.0 0.0 2.23 0.0 12.0 3.0
19/03/15 00:36:30 4582.0 0.0 7983.0 0.0 987.0 0.0 33827.0 1458.0 88.28 0.0 0.0 3.0 0.0 0.0 2.5 0.0 12.0 3.0
19/03/15 00:36:40 4252.0 0.0 7983.0 0.0 1314.0 0.0 30875.0 1539.0 92.93 0.0 0.0 3.0 0.0 0.0 2.73 0.0 12.0 3.0
19/03/15 00:36:50 3940.0 0.0 7983.0 0.0 1626.0 0.0 29124.0 1423.0 98.97 0.0 0.0 3.0 0.0 0.0 3.07 0.0 12.0 3.0
19/03/15 00:37:00 3590.0 0.0 7983.0 0.0 1975.0 0.0 27662.0 1295.0 98.72 0.0 0.0 3.0 0.0 0.0 3.22 0.0 12.0 3.0
19/03/15 00:37:10 3343.0 0.0 7983.0 0.0 2224.0 0.0 25344.0 1247.0 98.46 0.0 0.0 3.0 0.0 0.0 3.34 0.0 12.0 3.0
19/03/15 00:37:20 3094.0 0.0 7983.0 0.0 2473.0 0.0 25.9 1154.0 99.23 0.0 0.0 3.0 0.0 0.0 3.76 0.0 12.0 3.0
19/03/15 00:37:30 2977.0 0.0 7983.0 0.0 2588.0 0.0 22922.0 1109.0 98.71 0.0 0.0 3.0 0.0 0.0 3.78 0.0 12.0 3.0
19/03/15 00:37:40 2754.0 0.0 7983.0 0.0 2812.0 0.0 21384.0 1037.0 98.98 0.0 0.0 3.0 0.0 0.0 3.81 0.0 12.0 3.0
19/03/15 00:37:50 2529.0 0.0 7983.0 0.0 3037.0 0.0 20193.0 1088.0 98.97 0.0 0.0 3.0 0.0 0.0 3.84 0.0 12.0 3.0
19/03/15 00:38:00 2274.0 0.0 7983.0 0.0 3292.0 0.0 21465.0 1141.0 99.23 0.0 0.0 3.0 0.0 0.0 4.03 0.0 12.0 3.0
19/03/15 00:38:10 2061.0 0.0 7983.0 0.0 3505.0 0.0 19983.0 976.0 98.72 0.0 0.0 3.0 0.0 0.0 4.02 0.0 12.0 3.0
19/03/15 00:38:20 1810.0 0.0 7983.0 0.0 3755.0 0.0 20805.0 986.0 99.74 0.0 0.0 3.0 0.0 0.0 3.95 0.0 12.0 3.0
19/03/15 00:38:30 1584.0 0.0 7983.0 0.0 3979.0 0.0 20.61 1084.0 97.97 0.0 0.0 3.0 0.0 0.0 3.96 0.0 12.0 3.0
19/03/15 00:38:40 1371.0 0.0 7983.0 0.0 4194.0 0.0 20629.0 1014.0 99.75 0.0 0.0 3.0 0.0 0.0 3.97 0.0 12.0 3.0
19/03/15 00:38:50 1165.0 0.0 7983.0 0.0 4400.0 0.0 19349.0 807.0 98.73 0.0 0.0 3.0 0.0 0.0 3.97 0.0 12.0 3.0
19/03/15 00:39:00 982.0 0.0 7983.0 0.0 4583.0 0.0 18665.0 0.87 97.7 0.0 0.0 3.0 0.0 0.0 3.98 0.0 12.0 3.0
19/03/15 00:39:10 802.0 0.0 7983.0 0.0 4762.0 0.0 17171.0 759.0 98.21 0.0 0.0 3.0 0.0 0.0 3.69 0.0 12.0 3.0
19/03/15 00:39:20 649.0 0.0 7983.0 0.0 4916.0 0.0 15753.0 594.0 92.84 0.0 4.0 3.0 0.0 0.0 3.73 0.0 12.0 3.0
19/03/15 00:39:30 527.0 0.0 7983.0 0.0 5037.0 0.0 11628.0 528.0 86.84 0.0 2.0 3.0 0.0 0.0 3.78 0.0 12.0 3.0
19/03/15 00:39:40 485.0 0.0 7983.0 0.0 5079.0 0.0 4276.0 0.0 63.89 0.0 4.0 3.0 0.0 0.0 3.27 0.0 12.0 3.0
19/03/15 00:39:50 484.0 0.0 7983.0 0.0 5079.0 0.0 6.0 0.0 0.0 0.0 0.0 3.0 0.0 0.0 2.77 0.0 12.0 3.0
19/03/15 00:40:00 485.0 0.0 7983.0 0.0 5079.0 0.0 0.0 0.0 0.0 0.0 0.0 3.0 0.0 0.0 2.34 0.0 12.0 3.0
19/03/15 00:40:10 485.0 0.0 7983.0 0.0 5079.0 0.0 0.0 0.0 0.0 0.0 0.0 3.0 0.0 0.0 1.98 0.0 12.0 3.0
19/03/15 00:40:20 485.0 0.0 7983.0 0.0 5079.0 0.0 0.0 0.0 0.0 0.0 0.0 3.0 0.0 0.0 1.67 0.0 12.0 3.0
19/03/15 00:40:30 485.0 0.0 7983.0 0.0 5079.0 0.0 0.0 0.0 0.0 0.0 0.0 3.0 0.0 0.0 1.42 0.0 12.0 3.0
19/03/15 00:40:40 485.0 0.0 7983.0 0.0 5079.0 0.0 0.0 0.0 0.0 0.0 0.0 3.0 0.0 0.0 1.2 0.0 12.0 3.0
19/03/15 00:40:50 485.0 0.0 7983.0 0.0 5079.0 0.0 0.0 0.0 0.25 0.0 0.0 3.0 0.0 0.0 1.01 0.0 12.0 3.0
19/03/15 00:41:00 485.0 0.0 7983.0 0.0 5079.0 0.0 0.0 0.0 0.0 0.0 0.0 3.0 0.0 0.0 0.86 0.0 12.0 3.0
19/03/15 00:41:10 485.0 0.0 7983.0 0.0 5079.0 0.0 0.0 0.0 0.25 0.0 0.0 3.0 0.0 0.0 0.73 0.0 12.0 3.0
19/03/15 00:41:20 485.0 0.0 7983.0 0.0 5079.0 0.0 0.0 0.0 0.0 0.0 0.0 3.0 0.0 0.0 0.61 0.0 12.0 3.0
19/03/15 00:41:30 485.0 0.0 7983.0 0.0 5079.0 0.0 0.0 0.0 0.0 0.0 0.0 3.0 0.0 0.0 0.52 0.0 12.0 3.0
19/03/15 00:41:40 485.0 0.0 7983.0 0.0 5079.0 0.0 0.0 0.0 0.0 0.0 0.0 3.0 0.0 0.0 0.44 0.0 12.0 3.0
19/03/15 00:41:50 485.0 0.0 7983.0 0.0 5079.0 0.0 0.0 0.0 0.0 0.0 0.0 3.0 0.0 0.0 0.37 0.0 12.0 3.0
19/03/15 00:42:00 486.0 0.0 7983.0 0.0 5078.0 0.0 0.0 0.0 0.5 0.0 0.0 3.0 0.0 0.0 0.31 0.0 12.0 3.0
19/03/15 00:42:10 485.0 0.0 7983.0 0.0 5079.0 0.0 0.0 0.0 0.0 0.0 0.0 3.0 0.0 0.0 0.26 0.0 12.0 3.0
19/03/15 00:42:20 486.0 0.0 7983.0 0.0 5078.0 0.0 0.0 0.0 0.0 0.0 0.0 3.0 0.0 0.0 0.22 0.0 12.0 3.0
19/03/15 00:42:30 486.0 0.0 7983.0 0.0 5078.0 0.0 0.0 0.0 0.0 0.0 0.0 3.0 0.0 0.0 0.19 0.0 12.0 3.0
19/03/15 00:42:40 485.0 0.0 7983.0 0.0 5079.0 0.0 0.0 0.0 1.0 0.0 8.0 3.0 0.0 0.0 0.16 0.0 12.0 3.0
19/03/15 00:42:50 485.0 0.0 7983.0 0.0 5079.0 0.0 0.0 0.0 0.0 0.0 0.0 3.0 0.0 0.0 0.13 0.0 12.0 3.0
19/03/15 00:43:00 486.0 0.0 7983.0 0.0 5078.0 0.0 0.0 0.0 1.0 0.0 0.0 3.0 0.0 0.0 0.11 0.0 12.0 3.0
19/03/15 00:43:10 486.0 0.0 7983.0 0.0 5078.0 0.0 0.0 0.0 0.25 0.0 2.0 3.0 0.0 0.0 0.1 0.0 12.0 3.0
19/03/15 00:43:20 486.0 0.0 7983.0 0.0 5078.0 0.0 0.0 6.0 1.01 0.0 0.0 3.0 0.0 0.0 0.08 0.0 12.0 3.0
19/03/15 00:43:30 486.0 0.0 7983.0 0.0 5078.0 0.0 0.0 6.0 0.0 0.0 0.0 3.0 0.0 0.0 0.07 0.0 12.0 3.0
19/03/15 00:43:40 487.0 0.0 7983.0 0.0 5077.0 0.0 0.0 0.0 35.34 0.0 0.0 3.0 0.0 0.0 0.06 0.0 12.0 3.0
19/03/15 00:43:50 487.0 0.0 7983.0 0.0 5077.0 0.0 0.0 0.0 0.25 0.0 0.0 3.0 0.0 0.0 0.05 0.0 12.0 3.0
19/03/15 00:44:00 485.0 0.0 7983.0 0.0 5079.0 0.0 0.0 6.0 0.75 0.0 0.0 3.0 0.0 0.0 0.04 0.0 12.0 3.0
19/03/15 00:44:10 487.0 0.0 7983.0 0.0 5077.0 0.0 6.0 0.0 0.0 0.0 0.0 3.0 0.0 0.0 0.03 0.0 12.0 3.0
19/03/15 00:44:20 487.0 0.0 7983.0 0.0 5077.0 0.0 6.0 0.0 1.0 0.0 0.0 3.0 0.0 0.0 0.03 0.0 12.0 3.0
19/03/15 00:44:30 487.0 0.0 7983.0 0.0 5077.0 0.0 6.0 0.0 0.0 0.0 0.0 3.0 0.0 0.0 0.02 0.0 12.0 3.0
19/03/15 00:44:40 487.0 0.0 7983.0 0.0 5077.0 0.0 0.0 6.0 1.0 0.0 0.0 3.0 0.0 0.0 0.02 0.0 12.0 3.0
19/03/15 00:44:50 487.0 0.0 7983.0 0.0 5077.0 0.0 0.0 6.0 0.0 0.0 0.0 3.0 0.0 0.0 0.01 0.0 12.0 3.0
19/03/15 00:45:00 487.0 0.0 7983.0 0.0 5077.0 0.0 5.0 0.0 0.0 0.0 2.0 3.0 0.0 0.0 0.01 0.0 12.0 3.0
19/03/15 00:45:10 487.0 0.0 7983.0 0.0 5077.0 0.0 6.0 0.0 0.0 0.0 0.0 3.0 0.0 0.0 0.01 0.0 12.0 3.0
19/03/15 00:45:20 487.0 0.0 7983.0 0.0 5077.0 0.0 6.0 0.0 0.0 0.0 0.0 3.0 0.0 0.0 0.01 0.0 12.0 3.0
19/03/15 00:45:30 487.0 0.0 7983.0 0.0 5077.0 0.0 0.0 0.0 0.0 0.0 4.0 3.0 0.0 0.0 0.01 0.0 12.0 3.0
19/03/15 00:45:40 487.0 0.0 7983.0 0.0 5077.0 0.0 0.0 0.0 37.91 0.0 0.0 3.0 0.0 0.0 0.33 0.0 12.0 3.0
19/03/15 00:45:50 487.0 0.0 7983.0 0.0 5077.0 0.0 0.0 0.0 0.0 0.0 0.0 3.0 0.0 0.0 0.27 0.0 12.0 3.0
19/03/15 00:46:00 487.0 0.0 7983.0 0.0 5077.0 0.0 0.0 0.0 0.0 0.0 0.0 3.0 0.0 0.0 0.23 0.0 12.0 3.0
19/03/15 00:46:10 487.0 0.0 7983.0 0.0 5077.0 0.0 0.0 0.0 0.0 0.0 0.0 3.0 0.0 0.0 0.2 0.0 12.0 3.0
19/03/15 00:46:20 487.0 0.0 7983.0 0.0 5077.0 0.0 0.0 0.0 0.0 0.0 0.0 3.0 0.0 0.0 0.16 0.0 12.0 3.0
19/03/15 00:46:30 487.0 0.0 7983.0 0.0 5077.0 0.0 0.0 0.0 0.0 0.0 0.0 3.0 0.0 0.0 0.14 0.0 12.0 3.0
19/03/15 00:46:40 539.0 0.0 7983.0 0.0 5025.0 0.0 0.0 0.0 0.5 0.0 0.0 3.0 0.0 0.0 0.12 0.0 12.0 3.0
19/03/15 00:46:50 539.0 0.0 7983.0 0.0 5025.0 0.0 0.0 0.0 0.0 0.0 0.0 3.0 0.0 0.0 0.1 0.0 12.0 3.0
19/03/15 00:47:00 539.0 0.0 7983.0 0.0 5025.0 0.0 0.0 0.0 0.0 0.0 0.0 3.0 0.0 0.0 0.08 0.0 12.0 3.0
19/03/15 00:47:10 539.0 0.0 7983.0 0.0 5025.0 0.0 0.0 0.0 0.0 0.0 0.0 3.0 0.0 0.0 0.15 0.0 12.0 3.0
19/03/15 00:47:20 540.0 0.0 7983.0 0.0 5024.0 0.0 0.0 0.0 0.0 0.0 0.0 3.0 0.0 0.0 0.13 0.0 12.0 3.0
19/03/15 00:47:30 540.0 0.0 7983.0 0.0 5024.0 0.0 0.0 0.0 0.5 0.0 0.0 3.0 0.0 0.0 0.11 0.0 12.0 3.0
19/03/15 00:47:40 540.0 0.0 7983.0 0.0 5024.0 0.0 0.0 0.0 0.0 0.0 0.0 3.0 0.0 0.0 0.1 0.0 12.0 3.0
19/03/15 00:47:50 539.0 0.0 7983.0 0.0 5024.0 0.0 0.0 0.0 0.0 0.0 0.0 3.0 0.0 0.0 0.38 0.0 12.0 3.0
19/03/15 00:48:00 539.0 0.0 7983.0 0.0 5025.0 0.0 0.0 0.0 0.0 0.0 0.0 3.0 0.0 0.0 0.32 0.0 12.0 3.0
19/03/15 00:48:10 539.0 0.0 7983.0 0.0 5024.0 0.0 0.0 0.0 0.25 0.0 0.0 3.0 0.0 0.0 0.27 0.0 12.0 3.0
19/03/15 00:48:20 539.0 0.0 7983.0 0.0 5025.0 0.0 0.0 0.0 0.0 0.0 0.0 3.0 0.0 0.0 0.23 0.0 12.0 3.0
19/03/15 00:48:30 539.0 0.0 7983.0 0.0 5025.0 0.0 0.0 0.0 0.0 0.0 0.0 3.0 0.0 0.0 0.19 0.0 12.0 3.0
19/03/15 00:48:40 540.0 0.0 7983.0 0.0 5024.0 0.0 0.0 0.0 0.0 0.0 0.0 3.0 0.0 0.0 0.16 0.0 12.0 3.0
19/03/15 00:48:50 539.0 0.0 7983.0 0.0 5025.0 0.0 0.0 0.0 0.0 0.0 0.0 3.0 0.0 0.0 0.14 0.0 12.0 3.0
19/03/15 00:49:00 539.0 0.0 7983.0 0.0 5025.0 0.0 0.0 0.0 0.25 0.0 0.0 3.0 0.0 0.0 0.12 0.0 12.0 3.0
19/03/15 00:49:10 539.0 0.0 7983.0 0.0 5025.0 0.0 0.0 0.0 0.0 0.0 0.0 3.0 0.0 0.0 0.1 0.0 12.0 3.0
19/03/15 00:49:20 539.0 0.0 7983.0 0.0 5025.0 0.0 0.0 0.0 0.0 0.0 0.0 3.0 0.0 0.0 0.08 0.0 12.0 3.0
19/03/15 00:49:30 540.0 0.0 7983.0 0.0 5024.0 0.0 0.0 0.0 0.0 0.0 0.0 3.0 0.0 0.0 0.07 0.0 12.0 3.0
19/03/15 00:49:40 539.0 0.0 7983.0 0.0 5025.0 0.0 0.0 0.0 0.25 0.0 0.0 3.0 0.0 0.0 0.06 0.0 12.0 3.0
19/03/15 00:49:50 539.0 0.0 7983.0 0.0 5025.0 0.0 0.0 0.0 0.25 0.0 0.0 3.0 0.0 0.0 0.05 0.0 12.0 3.0
19/03/15 00:50:00 540.0 0.0 7983.0 0.0 5024.0 0.0 0.0 0.0 0.25 0.0 0.0 3.0 0.0 0.0 0.04 0.0 12.0 3.0
19/03/15 00:50:10 540.0 0.0 7983.0 0.0 5024.0 0.0 0.0 0.0 0.25 0.0 0.0 3.0 0.0 0.0 0.03 0.0 12.0 3.0
19/03/15 00:50:20 540.0 0.0 7983.0 0.0 5024.0 0.0 0.0 0.0 0.0 0.0 0.0 3.0 0.0 0.0 0.03 0.0 12.0 3.0
19/03/15 00:50:30 539.0 0.0 7983.0 0.0 5025.0 0.0 0.0 0.0 0.0 0.0 0.0 3.0 0.0 0.0 0.02 0.0 12.0 3.0
19/03/15 00:50:40 540.0 0.0 7983.0 0.0 5024.0 0.0 0.0 0.0 0.0 0.0 0.0 3.0 0.0 0.0 0.02 0.0 12.0 3.0
19/03/15 00:50:50 540.0 0.0 7983.0 0.0 5024.0 0.0 0.0 6.0 0.0 0.0 0.0 3.0 0.0 0.0 0.02 0.0 12.0 3.0
19/03/15 00:51:00 540.0 0.0 7983.0 0.0 5024.0 0.0 0.0 5.0 0.0 0.0 0.0 3.0 0.0 0.0 0.01 0.0 12.0 3.0
19/03/15 00:51:10 540.0 0.0 7983.0 0.0 5024.0 0.0 0.0 6.0 0.25 0.0 0.0 3.0 0.0 0.0 0.23 0.0 12.0 3.0
19/03/15 00:51:20 540.0 0.0 7983.0 0.0 5024.0 0.0 0.0 5.0 0.0 0.0 0.0 3.0 0.0 0.0 0.2 0.0 12.0 3.0
19/03/15 00:51:30 540.0 0.0 7983.0 0.0 5025.0 0.0 0.0 6.0 0.0 0.0 2.0 3.0 0.0 0.0 0.16 0.0 12.0 3.0
19/03/15 00:51:40 540.0 0.0 7983.0 0.0 5024.0 0.0 0.0 6.0 0.0 0.0 0.0 3.0 0.0 0.0 0.14 0.0 12.0 3.0
19/03/15 00:51:50 540.0 0.0 7983.0 0.0 5024.0 0.0 0.0 6.0 0.0 0.0 0.0 3.0 0.0 0.0 0.12 0.0 12.0 3.0
19/03/15 00:52:00 540.0 0.0 7983.0 0.0 5024.0 0.0 0.0 5.0 0.0 0.0 0.0 3.0 0.0 0.0 0.1 0.0 12.0 3.0
