go.salzc.auth_account go.salzc.check_account go.salzc.create_account go.salzc.create_character go.salzc.move go.salzc.receive_chat go.salzc.roi go.salzc.select_character go.salzc.send_chat
19/04/23 02:24:30 0.0 0.0 0.0 0.0 0.0 0.0 0.0 0.0 0.0
19/04/23 02:24:40 0.0 0.0 0.0 0.0 0.0 0.0 0.0 0.0 0.0
19/04/23 02:24:50 0.0 0.0 0.0 0.0 0.0 0.0 0.0 0.0 0.0
19/04/23 02:25:00 0.0 0.0 0.0 0.0 0.0 0.0 0.0 0.0 0.0
19/04/23 02:25:10 0.0 0.0 0.0 0.0 0.0 0.0 0.0 0.0 0.0
19/04/23 02:25:20 0.0 0.0 0.0 0.0 0.0 0.0 0.0 0.0 0.0
19/04/23 02:25:30 0.0 0.0 0.0 0.0 0.0 0.0 0.0 0.0 0.0
19/04/23 02:25:40 0.0 0.0 0.0 0.0 0.0 0.0 0.0 0.0 0.0
19/04/23 02:25:50 0.0 0.0 0.0 0.0 0.0 0.0 0.0 0.0 0.0
19/04/23 02:26:00 0.0 0.0 0.0 0.0 0.0 0.0 0.0 0.0 0.0
19/04/23 02:26:10 0.0 0.0 0.0 0.0 0.0 0.0 0.0 0.0 0.0
19/04/23 02:26:20 0.0 0.0 0.0 0.0 0.0 0.0 0.0 0.0 0.0
19/04/23 02:26:30 0.0 0.0 0.0 0.0 0.0 0.0 0.0 0.0 0.0
19/04/23 02:26:40 0.0 0.0 0.0 0.0 0.0 0.0 0.0 0.0 0.0
19/04/23 02:26:50 0.0 0.0 0.0 0.0 0.0 0.0 0.0 0.0 0.0
19/04/23 02:27:00 0.0 0.0 0.0 0.0 0.0 0.0 0.0 0.0 0.0
19/04/23 02:27:10 0.0 0.0 0.0 0.0 0.0 0.0 0.0 0.0 0.0
19/04/23 02:27:20 0.0 0.0 0.0 0.0 0.0 0.0 0.0 0.0 0.0
19/04/23 02:27:30 0.0 0.0 0.0 0.0 0.0 0.0 0.0 0.0 0.0
19/04/23 02:27:40 0.0 0.0 0.0 0.0 0.0 0.0 0.0 0.0 0.0
19/04/23 02:27:50 0.0 0.0 0.0 0.0 0.0 0.0 0.0 0.0 0.0
19/04/23 02:28:00 0.0 0.0 0.0 0.0 0.0 0.0 0.0 0.0 0.0
19/04/23 02:28:10 0.0 0.0 0.0 0.0 0.0 0.0 0.0 0.0 0.0
19/04/23 02:28:20 0.0 0.0 0.0 0.0 0.0 0.0 0.0 0.0 0.0
19/04/23 02:28:30 0.0 0.0 0.0 0.0 0.0 0.0 0.0 0.0 0.0
19/04/23 02:28:40 0.0 0.0 0.0 0.0 0.0 0.0 0.0 0.0 0.0
19/04/23 02:28:50 0.0 0.0 0.0 0.0 0.0 0.0 0.0 0.0 0.0
19/04/23 02:29:00 0.0 0.0 0.0 0.0 0.0 0.0 0.0 0.0 0.0
19/04/23 02:29:10 0.0 0.0 0.0 0.0 0.0 0.0 0.0 0.0 0.0
19/04/23 02:29:20 0.0 0.0 0.0 0.0 0.0 0.0 0.0 0.0 0.0
19/04/23 02:29:30 0.0 0.0 0.0 0.0 0.0 0.0 0.0 0.0 0.0
19/04/23 02:29:40 0.0 0.0 0.0 0.0 0.0 0.0 0.0 0.0 0.0
19/04/23 02:29:50 0.0 0.0 0.0 0.0 0.0 0.0 0.0 0.0 0.0
19/04/23 02:30:00 0.0 0.0 0.0 0.0 0.0 0.0 0.0 0.0 0.0
19/04/23 02:30:10 0.0 0.0 0.0 0.0 0.0 0.0 0.0 0.0 0.0
19/04/23 02:30:20 0.0 0.0 0.0 0.0 0.0 0.0 0.0 0.0 0.0
19/04/23 02:30:30 0.0 0.0 0.0 0.0 0.0 0.0 0.0 0.0 0.0
19/04/23 02:30:40 0.0 0.0 0.0 0.0 0.0 0.0 0.0 0.0 0.0
19/04/23 02:30:50 0.0 0.0 0.0 0.0 0.0 0.0 0.0 0.0 0.0
19/04/23 02:31:00 0.0 0.0 0.0 0.0 0.0 0.0 0.0 0.0 0.0
19/04/23 02:31:10 0.0 0.0 0.0 0.0 0.0 0.0 0.0 0.0 0.0
19/04/23 02:31:20 0.0 0.0 0.0 0.0 0.0 0.0 0.0 0.0 0.0
19/04/23 02:31:30 0.0 0.0 0.0 0.0 0.0 0.0 0.0 0.0 0.0
19/04/23 02:31:40 0.0 0.0 0.0 0.0 0.0 0.0 0.0 0.0 0.0
19/04/23 02:31:50 0.0 0.0 0.0 0.0 0.0 0.0 0.0 0.0 0.0
19/04/23 02:32:00 0.0 0.0 0.0 0.0 0.0 0.0 0.0 0.0 0.0
19/04/23 02:32:10 0.0 0.0 0.0 0.0 0.0 0.0 0.0 0.0 0.0
19/04/23 02:32:20 0.0 0.0 0.0 0.0 0.0 0.0 0.0 0.0 0.0
19/04/23 02:32:30 0.0 0.0 0.0 0.0 0.0 0.0 0.0 0.0 0.0
19/04/23 02:32:40 0.0 0.0 0.0 0.0 0.0 0.0 0.0 0.0 0.0
19/04/23 02:32:50 0.0 0.0 0.0 0.0 0.0 0.0 0.0 0.0 0.0
19/04/23 02:33:00 0.0 0.0 0.0 0.0 0.0 0.0 0.0 0.0 0.0
19/04/23 02:33:10 0.0 0.0 0.0 0.0 0.0 0.0 0.0 0.0 0.0
19/04/23 02:33:20 0.0 0.0 0.0 0.0 0.0 0.0 0.0 0.0 0.0
19/04/23 02:33:30 0.0 0.0 0.0 0.0 0.0 0.0 0.0 0.0 0.0
19/04/23 02:33:40 0.0 0.0 0.0 0.0 0.0 0.0 0.0 0.0 0.0
19/04/23 02:33:50 0.0 0.0 0.0 0.0 0.0 0.0 0.0 0.0 0.0
19/04/23 02:34:00 0.0 0.0 0.0 0.0 0.0 0.0 0.0 0.0 0.0
19/04/23 02:34:10 0.0 0.0 0.0 0.0 0.0 0.0 0.0 0.0 0.0
19/04/23 02:34:20 0.0 0.0 0.0 0.0 0.0 0.0 0.0 0.0 0.0
19/04/23 02:34:30 0.0 0.0 0.0 0.0 0.0 0.0 0.0 0.0 0.0
19/04/23 02:34:40 0.0 0.0 0.0 0.0 0.0 0.0 0.0 0.0 0.0
19/04/23 02:34:50 0.0 0.0 0.0 0.0 0.0 0.0 0.0 0.0 0.0
19/04/23 02:35:00 0.0 0.0 0.0 0.0 0.0 0.0 0.0 0.0 0.0
19/04/23 02:35:10 0.0 0.0 0.0 0.0 0.0 0.0 0.0 0.0 0.0
19/04/23 02:35:20 0.0 0.0 0.0 0.0 0.0 0.0 0.0 0.0 0.0
19/04/23 02:35:30 0.0 0.0 0.0 0.0 0.0 0.0 0.0 0.0 0.0
19/04/23 02:35:40 0.0 0.0 0.0 0.0 0.0 0.0 0.0 0.0 0.0
19/04/23 02:35:50 0.0 0.0 0.0 0.0 0.0 0.0 0.0 0.0 0.0
19/04/23 02:36:00 0.0 0.0 0.0 0.0 0.0 0.0 0.0 0.0 0.0
19/04/23 02:36:10 0.0 0.0 0.0 0.0 0.0 0.0 0.0 0.0 0.0
19/04/23 02:36:20 0.0 0.0 0.0 0.0 0.0 0.0 0.0 0.0 0.0
19/04/23 02:36:30 0.0 0.0 0.0 0.0 0.0 0.0 0.0 0.0 0.0
19/04/23 02:36:40 0.0 0.0 0.0 0.0 0.0 0.0 0.0 0.0 0.0
19/04/23 02:36:50 0.0 0.0 0.0 0.0 0.0 0.0 0.0 0.0 0.0
19/04/23 02:37:00 0.0 0.0 0.0 0.0 0.0 0.0 0.0 0.0 0.0
19/04/23 02:37:10 0.0 0.0 0.0 0.0 0.0 0.0 0.0 0.0 0.0
19/04/23 02:37:20 0.0 0.0 0.0 0.0 0.0 0.0 0.0 0.0 0.0
19/04/23 02:37:30 0.0 0.0 0.0 0.0 0.0 0.0 0.0 0.0 0.0
19/04/23 02:37:40 0.0 0.0 0.0 0.0 0.0 0.0 0.0 0.0 0.0
19/04/23 02:37:50 0.0 0.0 0.0 0.0 0.0 0.0 0.0 0.0 0.0
19/04/23 02:38:00 0.0 0.0 0.0 0.0 0.0 0.0 0.0 0.0 0.0
19/04/23 02:38:10 0.0 0.0 0.0 0.0 0.0 0.0 0.0 0.0 0.0
19/04/23 02:38:20 0.0 0.0 0.0 0.0 0.0 0.0 0.0 0.0 0.0
19/04/23 02:38:30 0.0 0.0 0.0 0.0 0.0 0.0 0.0 0.0 0.0
19/04/23 02:38:40 0.0 0.0 0.0 0.0 0.0 0.0 0.0 0.0 0.0
19/04/23 02:38:50 0.0 0.0 0.0 0.0 0.0 0.0 0.0 0.0 0.0
19/04/23 02:39:00 0.0 0.0 0.0 0.0 0.0 0.0 0.0 0.0 0.0
19/04/23 02:39:10 0.0 0.0 0.0 0.0 0.0 0.0 0.0 0.0 0.0
19/04/23 02:39:20 0.0 0.0 0.0 0.0 0.0 0.0 0.0 0.0 0.0
19/04/23 02:39:30 0.0 0.0 0.0 0.0 0.0 0.0 0.0 0.0 0.0
19/04/23 02:39:40 0.0 0.0 0.0 0.0 0.0 0.0 0.0 0.0 0.0
19/04/23 02:39:50 0.0 0.0 0.0 0.0 0.0 0.0 0.0 0.0 0.0
19/04/23 02:40:00 0.0 0.0 0.0 0.0 0.0 0.0 0.0 0.0 0.0
19/04/23 02:40:10 0.0 0.0 0.0 0.0 0.0 0.0 0.0 0.0 0.0
19/04/23 02:40:20 0.0 0.0 0.0 0.0 0.0 0.0 0.0 0.0 0.0
19/04/23 02:40:30 0.0 0.0 0.0 0.0 0.0 0.0 0.0 0.0 0.0
19/04/23 02:40:40 0.0 0.0 0.0 0.0 0.0 0.0 0.0 0.0 0.0
19/04/23 02:40:50 0.0 0.0 0.0 0.0 0.0 0.0 0.0 0.0 0.0
19/04/23 02:41:00 0.0 0.0 0.0 0.0 0.0 0.0 0.0 0.0 0.0
19/04/23 02:41:10 0.0 0.0 0.0 0.0 0.0 0.0 0.0 0.0 0.0
19/04/23 02:41:20 0.0 0.0 0.0 0.0 0.0 0.0 0.0 0.0 0.0
19/04/23 02:41:30 0.0 0.0 0.0 0.0 0.0 0.0 0.0 0.0 0.0
19/04/23 02:41:40 0.0 0.0 0.0 0.0 0.0 0.0 0.0 0.0 0.0
19/04/23 02:41:50 0.0 0.0 0.0 0.0 0.0 0.0 0.0 0.0 0.0
19/04/23 02:42:00 0.0 0.0 0.0 0.0 0.0 0.0 0.0 0.0 0.0
19/04/23 02:42:10 0.0 0.0 0.0 0.0 0.0 0.0 0.0 0.0 0.0
19/04/23 02:42:20 0.0 0.0 0.0 0.0 0.0 0.0 0.0 0.0 0.0
19/04/23 02:42:30 0.0 0.0 0.0 0.0 0.0 0.0 0.0 0.0 0.0
19/04/23 02:42:40 0.0 0.0 0.0 0.0 0.0 0.0 0.0 0.0 0.0
19/04/23 02:42:50 0.0 0.0 0.0 0.0 0.0 0.0 0.0 0.0 0.0
19/04/23 02:43:00 0.0 0.0 0.0 0.0 0.0 0.0 0.0 0.0 0.0
19/04/23 02:43:10 0.0 0.0 0.0 0.0 0.0 0.0 0.0 0.0 0.0
19/04/23 02:43:20 0.0 0.0 0.0 0.0 0.0 0.0 0.0 0.0 0.0
19/04/23 02:43:30 0.0 0.0 0.0 0.0 0.0 0.0 0.0 0.0 0.0
19/04/23 02:43:40 0.0 0.0 0.0 0.0 0.0 0.0 0.0 0.0 0.0
19/04/23 02:43:50 0.0 0.0 0.0 0.0 0.0 0.0 0.0 0.0 0.0
19/04/23 02:44:00 0.0 0.0 0.0 0.0 0.0 0.0 0.0 0.0 0.0
19/04/23 02:44:10 0.0 0.0 0.0 0.0 0.0 0.0 0.0 0.0 0.0
19/04/23 02:44:20 0.0 0.0 0.0 0.0 0.0 0.0 0.0 0.0 0.0
19/04/23 02:44:30 0.0 0.0 0.0 0.0 0.0 0.0 0.0 0.0 0.0
19/04/23 02:44:40 0.0 0.0 0.0 0.0 0.0 0.0 0.0 0.0 0.0
19/04/23 02:44:50 0.0 0.0 0.0 0.0 0.0 0.0 0.0 0.0 0.0
19/04/23 02:45:00 0.0 0.0 0.0 0.0 0.0 0.0 0.0 0.0 0.0
19/04/23 02:45:10 0.0 0.0 0.0 0.0 0.0 0.0 0.0 0.0 0.0
19/04/23 02:45:20 0.0 0.0 0.0 0.0 0.0 0.0 0.0 0.0 0.0
19/04/23 02:45:30 0.0 0.0 0.0 0.0 0.0 0.0 0.0 0.0 0.0
19/04/23 02:45:40 0.0 0.0 0.0 0.0 0.0 0.0 0.0 0.0 0.0
19/04/23 02:45:50 0.0 0.0 0.0 0.0 0.0 0.0 0.0 0.0 0.0
19/04/23 02:46:00 0.0 0.0 0.0 0.0 0.0 0.0 0.0 0.0 0.0
19/04/23 02:46:10 0.0 0.0 0.0 0.0 0.0 0.0 0.0 0.0 0.0
19/04/23 02:46:20 0.0 0.0 0.0 0.0 0.0 0.0 0.0 0.0 0.0
19/04/23 02:46:30 0.0 0.0 0.0 0.0 0.0 0.0 0.0 0.0 0.0
19/04/23 02:46:40 0.0 0.0 0.0 0.0 0.0 0.0 0.0 0.0 0.0
19/04/23 02:46:50 0.0 0.0 0.0 0.0 0.0 0.0 0.0 0.0 0.0
19/04/23 02:47:00 0.0 0.0 0.0 0.0 0.0 0.0 0.0 0.0 0.0
19/04/23 02:47:10 0.0 0.0 0.0 0.0 0.0 0.0 0.0 0.0 0.0
19/04/23 02:47:20 0.0 0.0 0.0 0.0 0.0 0.0 0.0 0.0 0.0
19/04/23 02:47:30 0.0 0.0 0.0 0.0 0.0 0.0 0.0 0.0 0.0
19/04/23 02:47:40 0.0 0.0 0.0 0.0 0.0 0.0 0.0 0.0 0.0
19/04/23 02:47:50 0.0 0.0 0.0 0.0 0.0 0.0 0.0 0.0 0.0
19/04/23 02:48:00 0.0 0.0 0.0 0.0 0.0 0.0 0.0 0.0 0.0
19/04/23 02:48:10 0.0 0.0 0.0 0.0 0.0 0.0 0.0 0.0 0.0
19/04/23 02:48:20 0.0 0.0 0.0 0.0 0.0 0.0 0.0 0.0 0.0
19/04/23 02:48:30 0.0 0.0 0.0 0.0 0.0 0.0 0.0 0.0 0.0
19/04/23 02:48:40 0.0 0.0 0.0 0.0 0.0 0.0 0.0 0.0 0.0
19/04/23 02:48:50 0.0 0.0 0.0 0.0 0.0 0.0 0.0 0.0 0.0
19/04/23 02:49:00 0.0 0.0 0.0 0.0 0.0 0.0 0.0 0.0 0.0
19/04/23 02:49:10 0.0 0.0 0.0 0.0 0.0 0.0 0.0 0.0 0.0
19/04/23 02:49:20 0.0 0.0 0.0 0.0 0.0 0.0 0.0 0.0 0.0
19/04/23 02:49:30 0.0 0.0 0.0 0.0 0.0 0.0 0.0 0.0 0.0
19/04/23 02:49:40 0.0 0.0 0.0 0.0 0.0 0.0 0.0 0.0 0.0
19/04/23 02:49:50 0.0 0.0 0.0 0.0 0.0 0.0 0.0 0.0 0.0
19/04/23 02:50:00 0.0 0.0 0.0 0.0 0.0 0.0 0.0 0.0 0.0
19/04/23 02:50:10 0.0 0.0 0.0 0.0 0.0 0.0 0.0 0.0 0.0
19/04/23 02:50:20 0.0 0.0 0.0 0.0 0.0 0.0 0.0 0.0 0.0
19/04/23 02:50:30 0.0 0.0 0.0 0.0 0.0 0.0 0.0 0.0 0.0
19/04/23 02:50:40 0.0 0.0 0.0 0.0 0.0 0.0 0.0 0.0 0.0
19/04/23 02:50:50 0.0 0.0 0.0 0.0 0.0 0.0 0.0 0.0 0.0
19/04/23 02:51:00 0.0 0.0 0.0 0.0 0.0 0.0 0.0 0.0 0.0
19/04/23 02:51:10 0.0 0.0 0.0 0.0 0.0 0.0 0.0 0.0 0.0
19/04/23 02:51:20 0.0 0.0 0.0 0.0 0.0 0.0 0.0 0.0 0.0
19/04/23 02:51:30 0.0 0.0 0.0 0.0 0.0 0.0 0.0 0.0 0.0
19/04/23 02:51:40 0.0 0.0 0.0 0.0 0.0 0.0 0.0 0.0 0.0
19/04/23 02:51:50 0.0 0.0 0.0 0.0 0.0 0.0 0.0 0.0 0.0
19/04/23 02:52:00 0.0 0.0 0.0 0.0 0.0 0.0 0.0 0.0 0.0
19/04/23 02:52:10 0.0 0.0 0.0 0.0 0.0 0.0 0.0 0.0 0.0
19/04/23 02:52:20 0.0 0.0 0.0 0.0 0.0 0.0 0.0 0.0 0.0
19/04/23 02:52:30 0.0 0.0 0.0 0.0 0.0 0.0 0.0 0.0 0.0
19/04/23 02:52:40 0.022862363 0.003594573 0.042668079 0.025830125 0.001521671 0.001533254 0.012460225 0.011869033 0.0021488
19/04/23 02:52:50 0.0 0.002917676 0.0 0.0 0.000779753 0.001141952 0.015115847 0.0 0.001230812
19/04/23 02:53:00 0.0 0.003266091 0.0 0.0 0.001256826 0.001197085 0.007780408 0.0 0.001928058
19/04/23 02:53:10 0.0 0.002957044 0.0 0.0 0.001357007 0.001214559 0.006705616 0.0 0.001842618
19/04/23 02:53:20 0.0 0.002879248 0.0 0.0 0.001084718 0.001082649 0.007592244 0.0 0.001505626
19/04/23 02:53:30 0.0 0.003351175 0.0 0.0 0.00120694 0.001296602 0.010457983 0.0 0.002133002
19/04/23 02:53:40 0.0 0.003068963 0.0 0.0 0.001239167 0.00120679 0.006372362 0.0 0.001745278
19/04/23 02:53:50 0.013854835 0.003052752 0.033529447 0.02517669 0.003110344 0.001600851 0.007467005 0.011222231 0.001497787
19/04/23 02:54:00 0.0 0.002770751 0.0 0.0 0.000908879 0.001450119 0.009552925 0.0 0.001915177
19/04/23 02:54:10 0.0 0.002722473 0.0 0.0 0.00115748 0.001906503 0.006873643 0.0 0.001657021
19/04/23 02:54:20 0.0 0.002683223 0.0 0.0 0.001064808 0.001685929 0.007146424 0.0 0.001246567
19/04/23 02:54:30 0.0 0.002865427 0.0 0.0 0.001455527 0.001412254 0.010285058 0.0 0.001870467
19/04/23 02:54:40 0.0 0.003480812 0.0 0.0 0.001067795 0.001478805 0.007737652 0.0 0.001780495
19/04/23 02:54:50 0.015987526 0.003252391 0.038144277 0.03452158 0.00113354 0.001733686 0.007150755 0.00932785 0.001757067
19/04/23 02:55:00 0.0 0.00286524 0.0 0.0 0.001790963 0.000864762 0.010026243 0.0 0.001083108
19/04/23 02:55:10 0.0 0.0 0.0 0.0 0.0 0.0 0.0 0.0 0.0
19/04/23 02:55:20 0.0 0.0 0.0 0.0 0.0 0.0 0.0 0.0 0.0
19/04/23 02:55:30 0.0 0.0 0.0 0.0 0.0 0.0 0.0 0.0 0.0
19/04/23 02:55:40 0.0 0.0 0.0 0.0 0.0 0.0 0.0 0.0 0.0
19/04/23 02:55:50 0.0 0.0 0.0 0.0 0.0 0.0 0.0 0.0 0.0
19/04/23 02:56:00 0.0 0.0 0.0 0.0 0.0 0.0 0.0 0.0 0.0
19/04/23 02:56:10 0.0 0.0 0.0 0.0 0.0 0.0 0.0 0.0 0.0
19/04/23 02:56:20 0.0 0.0 0.0 0.0 0.0 0.0 0.0 0.0 0.0
19/04/23 02:56:30 0.0 0.0 0.0 0.0 0.0 0.0 0.0 0.0 0.0
19/04/23 02:56:40 0.0 0.0 0.0 0.0 0.0 0.0 0.0 0.0 0.0
19/04/23 02:56:50 0.0 0.0 0.0 0.0 0.0 0.0 0.0 0.0 0.0
19/04/23 02:57:00 0.0 0.0 0.0 0.0 0.0 0.0 0.0 0.0 0.0
19/04/23 02:57:10 0.0 0.0 0.0 0.0 0.0 0.0 0.0 0.0 0.0
19/04/23 02:57:20 0.0 0.0 0.0 0.0 0.0 0.0 0.0 0.0 0.0
19/04/23 02:57:30 0.0 0.0 0.0 0.0 0.0 0.0 0.0 0.0 0.0
19/04/23 02:57:40 0.0 0.0 0.0 0.0 0.0 0.0 0.0 0.0 0.0
19/04/23 02:57:50 0.0 0.0 0.0 0.0 0.0 0.0 0.0 0.0 0.0
19/04/23 02:58:00 0.0 0.0 0.0 0.0 0.0 0.0 0.0 0.0 0.0
19/04/23 02:58:10 0.0 0.0 0.0 0.0 0.0 0.0 0.0 0.0 0.0
19/04/23 02:58:20 0.0 0.0 0.0 0.0 0.0 0.0 0.0 0.0 0.0
19/04/23 02:58:30 0.024079988 0.003165569 0.050544131 0.0243221 0.001283489 0.001081585 0.007767079 0.011782882 0.001532296
19/04/23 02:58:40 0.0 0.003974382 0.0 0.0 0.001406193 0.001423339 0.013305955 0.0 0.00211213
19/04/23 02:58:50 0.0 0.003061253 0.0 0.0 0.001312066 0.001280955 0.015435804 0.0 0.001743454
19/04/23 02:59:00 0.0 0.003679203 0.0 0.0 0.001445676 0.001203098 0.008493439 0.0 0.001736947
19/04/23 02:59:10 0.021575345 0.002890973 0.043071371 0.02460313 0.001265733 0.001524709 0.008396583 0.009359457 0.001770483
19/04/23 02:59:20 0.0 0.003072228 0.0 0.0 0.001300318 0.001689573 0.011865404 0.0 0.001823199
19/04/23 02:59:30 0.0 0.002977781 0.0 0.0 0.001175219 0.001651105 0.008949417 0.0 0.001797574
19/04/23 02:59:40 0.0 0.003834214 0.0 0.0 0.00147755 0.001610766 0.00802986 0.0 0.001902923
19/04/23 02:59:50 0.017150076 0.003768482 0.03630963 0.024886662 0.001643537 0.002474147 0.008691359 0.008121853 0.002886281
19/04/23 03:00:00 0.0 0.003201349 0.0 0.0 0.001183434 0.002032339 0.009070827 0.0 0.001429026
19/04/23 03:00:10 0.0 0.00362566 0.0 0.0 0.001268576 0.00183373 0.008503231 0.0 0.001473864
19/04/23 03:00:20 0.0 0.003114631 0.0 0.0 0.001349018 0.001678398 0.008521005 0.0 0.001464885
19/04/23 03:00:30 0.017684023 0.009491155 0.040650442 0.025488934 0.001103866 0.00150357 0.009830772 0.014775216 0.001603531
19/04/23 03:00:40 0.0 0.003494278 0.0 0.0 0.002114134 0.002227674 0.013813768 0.0 0.001683108
19/04/23 03:00:50 0.0 1.000149622 0.0 0.0 0.001350824 0.001004797 0.010450851 0.0 0.001736686
19/04/23 03:01:00 0.0 0.003191943 0.0 0.0 0.001059508 0.001679533 0.010202895 0.0 0.001443822
19/04/23 03:01:10 0.015449785 0.002955942 0.030131372 0.023905173 0.00105152 0.002263789 0.010597398 0.00813824 0.001575208
19/04/23 03:01:20 0.0 0.003715709 0.0 0.0 0.001120308 0.002902989 0.015568132 0.0 0.001948491
19/04/23 03:01:30 0.0 0.003265459 0.0 0.0 0.001199147 0.002549113 0.007748976 0.0 0.001812049
19/04/23 03:01:40 0.0 0.002886339 0.0 0.0 0.001204465 0.002482703 0.008129811 0.0 0.001820284
19/04/23 03:01:50 0.017407945 0.007528066 0.031271146 0.024868608 0.001381611 0.00319525 0.008769642 0.009000035 0.001966701
19/04/23 03:02:00 0.0 0.003361671 0.0 0.0 0.001283986 0.002317793 0.007766466 0.0 0.002010792
19/04/23 03:02:10 0.0 0.002762609 0.0 0.0 0.006386831 0.003557669 0.006598133 0.0 0.001923061
19/04/23 03:02:20 0.0 0.002768618 0.0 0.0 0.001352126 0.002537628 0.00903775 0.0 0.001699713
19/04/23 03:02:30 0.015599788 0.002975745 0.031641403 0.024419941 0.001512223 0.002129044 0.012020319 0.008438671 0.002499075
19/04/23 03:02:40 0.0 0.003199375 0.0 0.0 0.001260536 0.002317881 0.007704263 0.0 0.004642258
19/04/23 03:02:50 0.0 0.003167386 0.0 0.0 0.001641137 0.00327614 0.016082411 0.0 0.00147391
19/04/23 03:03:00 0.0 0.003122127 0.0 0.0 0.001956761 0.003584893 0.010014033 0.0 0.00581559
19/04/23 03:03:10 0.019397144 0.002828629 0.114657317 0.028863394 0.00127896 0.002076084 0.009363886 0.013714623 0.001406182
19/04/23 03:03:20 0.0 0.003775631 0.0 0.0 0.001154168 0.006033069 0.005928741 0.0 0.003202572
19/04/23 03:03:30 0.0 1.001985101 0.0 0.0 0.001130253 0.003498532 0.011958517 0.0 0.001551898
19/04/23 03:03:40 0.018543033 0.002881638 0.032032535 0.023875698 0.0 0.0 0.0 0.008210206 0.0
19/04/23 03:03:50 0.0 0.0 0.0 0.0 0.0 0.0 0.0 0.0 0.0
19/04/23 03:04:00 0.0 0.0 0.0 0.0 0.0 0.0 0.0 0.0 0.0
19/04/23 03:04:10 0.0 0.0 0.0 0.0 0.0 0.0 0.0 0.0 0.0
19/04/23 03:04:20 0.0 0.0 0.0 0.0 0.0 0.0 0.0 0.0 0.0
19/04/23 03:04:30 0.017638158 0.003152109 0.03030497 0.022815593 0.0 0.0 0.0 0.009847021 0.0
19/04/23 03:04:40 0.0 0.0 0.0 0.0 0.0 0.0 0.0 0.0 0.0
19/04/23 03:04:50 0.0 0.0 0.0 0.0 0.0 0.0 0.0 0.0 0.0
19/04/23 03:05:00 0.018250627 0.003517452 0.03762088 0.024598189 0.0 0.0 0.0 0.008643191 0.0
19/04/23 03:05:10 0.0 0.0 0.0 0.0 0.0 0.0 0.0 0.0 0.0
19/04/23 03:05:20 0.0 0.0 0.0 0.0 0.0 0.0 0.0 0.0 0.0
19/04/23 03:05:30 0.0 0.0 0.0 0.0 0.0 0.0 0.0 0.0 0.0
19/04/23 03:05:40 0.0 0.0 0.0 0.0 0.0 0.0 0.0 0.0 0.0
19/04/23 03:05:50 0.016601822 0.003484676 0.031754948 0.023777795 0.0 0.0 0.0 0.00954879 0.0
19/04/23 03:06:00 0.0 0.0 0.0 0.0 0.0 0.0 0.0 0.0 0.0
19/04/23 03:06:10 0.0 0.0 0.0 0.0 0.0 0.0 0.0 0.0 0.0
19/04/23 03:06:20 0.0 0.0 0.0 0.0 0.0 0.0 0.0 0.0 0.0
19/04/23 03:06:30 0.018353602 0.003119531 0.046362534 0.025280963 0.0 0.0 0.0 0.008704623 0.0
19/04/23 03:06:40 0.0 0.0 0.0 0.0 0.0 0.0 0.0 0.0 0.0
19/04/23 03:06:50 0.0 0.0 0.0 0.0 0.0 0.0 0.0 0.0 0.0
19/04/23 03:07:00 0.0 0.0 0.0 0.0 0.0 0.0 0.0 0.0 0.0
19/04/23 03:07:10 0.0 0.0 0.0 0.0 0.0 0.0 0.0 0.0 0.0
19/04/23 03:07:20 0.0 0.0 0.0 0.0 0.0 0.0 0.0 0.0 0.0
19/04/23 03:07:30 0.0 0.0 0.0 0.0 0.0 0.0 0.0 0.0 0.0
19/04/23 03:07:40 0.0 0.0 0.0 0.0 0.0 0.0 0.0 0.0 0.0
19/04/23 03:07:50 0.0 0.0 0.0 0.0 0.0 0.0 0.0 0.0 0.0
19/04/23 03:08:00 0.0 0.0 0.0 0.0 0.0 0.0 0.0 0.0 0.0
19/04/23 03:08:10 0.0 0.0 0.0 0.0 0.0 0.0 0.0 0.0 0.0
19/04/23 03:08:20 0.0 0.0 0.0 0.0 0.0 0.0 0.0 0.0 0.0
19/04/23 03:08:30 0.0 0.0 0.0 0.0 0.0 0.0 0.0 0.0 0.0
19/04/23 03:08:40 0.0 0.0 0.0 0.0 0.0 0.0 0.0 0.0 0.0
19/04/23 03:08:50 0.0 0.0 0.0 0.0 0.0 0.0 0.0 0.0 0.0
19/04/23 03:09:00 0.0 0.0 0.0 0.0 0.0 0.0 0.0 0.0 0.0
19/04/23 03:09:10 0.0 0.0 0.0 0.0 0.0 0.0 0.0 0.0 0.0
19/04/23 03:09:20 0.0 0.0 0.0 0.0 0.0 0.0 0.0 0.0 0.0
19/04/23 03:09:30 0.0 0.0 0.0 0.0 0.0 0.0 0.0 0.0 0.0
19/04/23 03:09:40 0.0 0.0 0.0 0.0 0.0 0.0 0.0 0.0 0.0
19/04/23 03:09:50 0.0 0.0 0.0 0.0 0.0 0.0 0.0 0.0 0.0
19/04/23 03:10:00 0.0 0.0 0.0 0.0 0.0 0.0 0.0 0.0 0.0
19/04/23 03:10:10 0.0 0.0 0.0 0.0 0.0 0.0 0.0 0.0 0.0
19/04/23 03:10:20 0.0 0.0 0.0 0.0 0.0 0.0 0.0 0.0 0.0
19/04/23 03:10:30 0.0 0.0 0.0 0.0 0.0 0.0 0.0 0.0 0.0
19/04/23 03:10:40 0.0 0.0 0.0 0.0 0.0 0.0 0.0 0.0 0.0
19/04/23 03:10:50 0.0 0.0 0.0 0.0 0.0 0.0 0.0 0.0 0.0
19/04/23 03:11:00 0.0 0.0 0.0 0.0 0.0 0.0 0.0 0.0 0.0
19/04/23 03:11:10 0.0 0.0 0.0 0.0 0.0 0.0 0.0 0.0 0.0
19/04/23 03:11:20 0.0 0.0 0.0 0.0 0.0 0.0 0.0 0.0 0.0
19/04/23 03:11:30 0.0 0.0 0.0 0.0 0.0 0.0 0.0 0.0 0.0
19/04/23 03:11:40 0.0 0.0 0.0 0.0 0.0 0.0 0.0 0.0 0.0
19/04/23 03:11:50 0.0 0.0 0.0 0.0 0.0 0.0 0.0 0.0 0.0
19/04/23 03:12:00 0.0 0.0 0.0 0.0 0.0 0.0 0.0 0.0 0.0
19/04/23 03:12:10 0.0 0.0 0.0 0.0 0.0 0.0 0.0 0.0 0.0
19/04/23 03:12:20 0.0 0.0 0.0 0.0 0.0 0.0 0.0 0.0 0.0
19/04/23 03:12:30 0.0 0.0 0.0 0.0 0.0 0.0 0.0 0.0 0.0
19/04/23 03:12:40 0.0 0.0 0.0 0.0 0.0 0.0 0.0 0.0 0.0
19/04/23 03:12:50 0.0 0.0 0.0 0.0 0.0 0.0 0.0 0.0 0.0
19/04/23 03:13:00 0.0 0.0 0.0 0.0 0.0 0.0 0.0 0.0 0.0
19/04/23 03:13:10 0.0 0.0 0.0 0.0 0.0 0.0 0.0 0.0 0.0
19/04/23 03:13:20 0.0 0.0 0.0 0.0 0.0 0.0 0.0 0.0 0.0
19/04/23 03:13:30 0.0 0.0 0.0 0.0 0.0 0.0 0.0 0.0 0.0
19/04/23 03:13:40 0.0 0.0 0.0 0.0 0.0 0.0 0.0 0.0 0.0
19/04/23 03:13:50 0.0 0.0 0.0 0.0 0.0 0.0 0.0 0.0 0.0
19/04/23 03:14:00 0.0 0.0 0.0 0.0 0.0 0.0 0.0 0.0 0.0
19/04/23 03:14:10 0.014355809 0.006062568 0.025304465 0.024671152 0.001103956 0.001385077 0.007628045 0.007627353 0.001496096
19/04/23 03:14:20 0.0 0.002925426 0.0 0.0 0.001117802 0.001501807 0.007827812 0.0 0.001444373
19/04/23 03:14:30 0.0 0.002931533 0.0 0.0 0.001489905 0.001907297 0.010707982 0.0 0.001629704
19/04/23 03:14:40 0.0 0.002806909 0.0 0.0 0.001340401 0.001367798 0.011841299 0.0 0.001438545
19/04/23 03:14:50 0.015291547 0.003296389 0.026586439 0.025463273 0.001591299 0.002105417 0.008128219 0.009132071 0.001632365
19/04/23 03:15:00 0.0 0.003255029 0.0 0.0 0.001262236 0.002570057 0.00975008 0.0 0.001979455
19/04/23 03:15:10 0.0 0.003179648 0.0 0.0 0.001297142 0.002210713 0.011204138 0.0 0.001855078
19/04/23 03:15:20 0.0 0.002923554 0.0 0.0 0.001314716 0.001636688 0.010587808 0.0 0.001533735
19/04/23 03:15:30 0.014999943 0.003853535 0.022500188 0.028623985 0.001457727 0.001949701 0.014937224 0.01020361 0.001920838
19/04/23 03:15:40 0.0 1.00643133 0.0 0.0 0.001190976 0.001986572 0.010106149 0.0 0.00130939
19/04/23 03:15:50 0.0 1.003899259 0.0 0.0 0.00096313 0.001234634 0.008077731 0.0 0.000955821
19/04/23 03:16:00 0.0 1.000764929 0.0 0.0 0.001390236 0.002673428 0.00694007 0.0 0.001712045
19/04/23 03:16:10 1.013618609 0.003793765 0.132517135 0.024636757 0.001625305 0.004386394 0.020306897 1.008465375 0.001544932
19/04/23 03:16:20 0.0 0.999505155 0.0 0.0 0.00138189 0.003084182 0.01248895 0.0 0.001836541
19/04/23 03:16:30 0.0 0.0 0.0 0.0 0.0 0.0 0.0 0.0 0.0
19/04/23 03:16:40 0.014254514 0.002762718 0.049019411 0.018812954 0.0 0.0 0.0 0.0065158 0.0
19/04/23 03:16:50 0.0 0.0 0.0 0.0 0.0 0.0 0.0 0.0 0.0
19/04/23 03:17:00 0.0 0.0 0.0 0.0 0.0 0.0 0.0 0.0 0.0
19/04/23 03:17:10 0.0 0.0 0.0 0.0 0.0 0.0 0.0 0.0 0.0
19/04/23 03:17:20 0.013791124 0.003062895 0.025407587 0.024794137 0.0 0.0 0.0 0.006568607 0.0
19/04/23 03:17:30 0.0 0.0 0.0 0.0 0.0 0.0 0.0 0.0 0.0
19/04/23 03:17:40 0.0 0.0 0.0 0.0 0.0 0.0 0.0 0.0 0.0
19/04/23 03:17:50 0.0 0.0 0.0 0.0 0.0 0.0 0.0 0.0 0.0
19/04/23 03:18:00 0.0 0.0 0.0 0.0 0.0 0.0 0.0 0.0 0.0
19/04/23 03:18:10 0.0 0.0 0.0 0.0 0.0 0.0 0.0 0.0 0.0
19/04/23 03:18:20 0.0 0.0 0.0 0.0 0.0 0.0 0.0 0.0 0.0
19/04/23 03:18:30 0.0 0.0 0.0 0.0 0.0 0.0 0.0 0.0 0.0
19/04/23 03:18:40 0.0 0.0 0.0 0.0 0.0 0.0 0.0 0.0 0.0
19/04/23 03:18:50 0.0 0.0 0.0 0.0 0.0 0.0 0.0 0.0 0.0
19/04/23 03:19:00 0.0 0.0 0.0 0.0 0.0 0.0 0.0 0.0 0.0
19/04/23 03:19:10 0.0 0.0 0.0 0.0 0.0 0.0 0.0 0.0 0.0
19/04/23 03:19:20 0.0 0.0 0.0 0.0 0.0 0.0 0.0 0.0 0.0
19/04/23 03:19:30 0.0 0.0 0.0 0.0 0.0 0.0 0.0 0.0 0.0
19/04/23 03:19:40 0.0 0.0 0.0 0.0 0.0 0.0 0.0 0.0 0.0
19/04/23 03:19:50 0.0 0.0 0.0 0.0 0.0 0.0 0.0 0.0 0.0
19/04/23 03:20:00 0.0 0.0 0.0 0.0 0.0 0.0 0.0 0.0 0.0
19/04/23 03:20:10 0.014827647 0.002664137 0.026668972 0.029173827 0.001248028 0.002276753 0.01053777 0.009822667 0.001586275
19/04/23 03:20:20 0.0 0.00280952 0.0 0.0 0.001354864 0.002151398 0.006553452 0.0 0.001444437
19/04/23 03:20:30 0.0 0.003095114 0.0 0.0 0.000960472 0.004681022 0.022042928 0.0 0.001025523
19/04/23 03:20:40 0.0 0.002910998 0.0 0.0 0.001584731 0.002115174 0.008570193 0.0 0.001681928
19/04/23 03:20:50 0.015940782 0.002782572 0.029389748 0.036824324 0.004284926 0.005300325 0.019289187 0.009368485 0.004029336
19/04/23 03:21:00 0.0 0.003192237 0.0 0.0 0.001830473 0.005002667 0.010384504 0.0 0.001749415
19/04/23 03:21:10 0.0 0.002776032 0.0 0.0 0.006258885 0.00724301 0.012470495 0.0 0.002138349
19/04/23 03:21:20 0.0 0.004325155 0.0 0.0 0.004090565 0.008834315 0.007954132 0.0 0.002022979
19/04/23 03:21:30 0.017006391 0.003754258 0.850495357 0.0617334 0.001633407 0.003182573 0.01822067 0.013155776 0.001228159
19/04/23 03:21:40 0.0 0.999908967 0.028237767 0.024823635 0.001318574 0.002452494 0.014935792 0.0 0.002177388
19/04/23 03:21:50 1.013789039 1.003261798 0.0 0.0 0.001335882 0.001593309 0.00862699 1.004200005 0.001995975
19/04/23 03:22:00 0.0 1.002154315 0.0 0.0 0.001444839 0.001710334 0.008734958 0.0 0.001795532
19/04/23 03:22:10 0.0 0.003219443 0.0 0.0 0.00178077 0.008140757 0.013368905 0.0 0.003365368
19/04/23 03:22:20 0.01594357 0.003691909 0.035384617 0.022843566 0.0 0.0 0.0 0.009828887 0.0
19/04/23 03:22:30 0.015665174 0.003265633 0.233922898 0.036578806 0.0 0.0 0.0 0.00691125 0.0
19/04/23 03:22:40 0.0 0.0 0.0 0.0 0.0 0.0 0.0 0.0 0.0
19/04/23 03:22:50 0.0 0.0 0.0 0.0 0.0 0.0 0.0 0.0 0.0
19/04/23 03:23:00 0.0 0.0 0.0 0.0 0.0 0.0 0.0 0.0 0.0
19/04/23 03:23:10 0.0 0.0 0.0 0.0 0.0 0.0 0.0 0.0 0.0
19/04/23 03:23:20 0.013702907 0.00344801 0.024644468 0.022898585 0.0 0.0 0.0 0.007714176 0.0
19/04/23 03:23:30 0.013825306 0.003125682 0.019892433 0.015964349 0.0 0.0 0.0 0.007594661 0.0
19/04/23 03:23:40 0.0 0.0 0.0 0.0 0.0 0.0 0.0 0.0 0.0
19/04/23 03:23:50 0.0 0.0 0.0 0.0 0.0 0.0 0.0 0.0 0.0
19/04/23 03:24:00 0.0 0.0 0.0 0.0 0.0 0.0 0.0 0.0 0.0
19/04/23 03:24:10 0.0 0.0 0.0 0.0 0.0 0.0 0.0 0.0 0.0
19/04/23 03:24:20 0.0 0.0 0.0 0.0 0.0 0.0 0.0 0.0 0.0
