gbeacon.game_service.free_memory_linux_monitor gbeacon.game_service.free_swap_linux_monitor gbeacon.game_service.total_memory_linux_monitor gbeacon.game_service.total_swap_linux_monitor gbeacon.game_service.used_memory_linux_monitor gbeacon.game_service.used_swap_linux_monitor gbeacon.game_service.uw_bandrx gbeacon.game_service.uw_bandtx gbeacon.game_service.uw_cpuused gbeacon.game_service.uw_diskioreads gbeacon.game_service.uw_diskiowrites gbeacon.game_service.uw_diskused gbeacon.game_service.uw_diskused_perc gbeacon.game_service.uw_httpconns gbeacon.game_service.uw_load gbeacon.game_service.uw_memused gbeacon.game_service.uw_tcpused gbeacon.game_service.uw_udpused
19/04/23 02:24:00 5639.0 0.0 7983.0 0.0 175.0 0.0 0.0 0.0 0.0 0.0 0.0 3.0 0.0 0.0 0.0 0.0 11.0 3.0
19/04/23 02:24:10 5639.0 0.0 7983.0 0.0 175.0 0.0 0.0 0.005 0.0 0.0 0.0 3.0 0.0 0.0 0.0 0.0 11.0 3.0
19/04/23 02:24:20 5640.0 0.0 7983.0 0.0 175.0 0.0 0.0 0.006 0.0 0.0 0.0 3.0 0.0 0.0 0.0 0.0 11.0 3.0
19/04/23 02:24:30 5640.0 0.0 7983.0 0.0 175.0 0.0 0.0 0.005 0.0 0.0 0.0 3.0 0.0 0.0 0.0 0.0 11.0 3.0
19/04/23 02:24:40 5639.0 0.0 7983.0 0.0 176.0 0.0 0.006 0.0 0.0 0.0 0.0 3.0 0.0 0.0 0.0 0.0 11.0 3.0
19/04/23 02:24:50 5639.0 0.0 7983.0 0.0 176.0 0.0 0.006 0.0 0.0 0.0 0.0 3.0 0.0 0.0 0.0 0.0 11.0 3.0
19/04/23 02:25:00 5639.0 0.0 7983.0 0.0 175.0 0.0 0.006 0.0 0.0 0.0 0.0 3.0 0.0 0.0 0.0 0.0 11.0 3.0
19/04/23 02:25:10 5639.0 0.0 7983.0 0.0 176.0 0.0 0.006 0.0 0.0 0.0 0.0 3.0 0.0 0.0 0.0 0.0 11.0 3.0
19/04/23 02:25:20 5639.0 0.0 7983.0 0.0 175.0 0.0 0.006 0.0 0.0 0.0 0.0 3.0 0.0 0.0 0.0 0.0 11.0 3.0
19/04/23 02:25:30 5639.0 0.0 7983.0 0.0 175.0 0.0 0.006 0.0 0.0 0.0 0.0 3.0 0.0 0.0 0.0 0.0 11.0 3.0
19/04/23 02:25:40 5640.0 0.0 7983.0 0.0 175.0 0.0 0.005 0.0 0.0 0.0 0.0 3.0 0.0 0.0 0.0 0.0 11.0 3.0
19/04/23 02:25:50 5639.0 0.0 7983.0 0.0 175.0 0.0 0.005 0.0 0.0 0.0 0.0 3.0 0.0 0.0 0.0 0.0 11.0 3.0
19/04/23 02:26:00 5639.0 0.0 7983.0 0.0 175.0 0.0 0.0 0.006 0.0 0.0 0.0 3.0 0.0 0.0 0.0 0.0 11.0 3.0
19/04/23 02:26:10 5639.0 0.0 7983.0 0.0 176.0 0.0 0.005 0.0 0.0 0.0 0.0 3.0 0.0 0.0 0.0 0.0 11.0 3.0
19/04/23 02:26:20 5639.0 0.0 7983.0 0.0 176.0 0.0 0.0 0.007 0.0 0.0 0.0 3.0 0.0 0.0 0.0 0.0 11.0 3.0
19/04/23 02:26:30 5639.0 0.0 7983.0 0.0 176.0 0.0 0.0 0.006 0.0 0.0 0.0 3.0 0.0 0.0 0.0 0.0 11.0 3.0
19/04/23 02:26:40 5639.0 0.0 7983.0 0.0 176.0 0.0 0.0 0.005 0.25 0.0 0.0 3.0 0.0 0.0 0.0 0.0 11.0 3.0
19/04/23 02:26:50 5639.0 0.0 7983.0 0.0 176.0 0.0 0.0 0.005 0.0 0.0 0.0 3.0 0.0 0.0 0.0 0.0 11.0 3.0
19/04/23 02:27:00 5639.0 0.0 7983.0 0.0 176.0 0.0 0.0 0.006 0.0 0.0 0.0 3.0 0.0 0.0 0.0 0.0 11.0 3.0
19/04/23 02:27:10 5639.0 0.0 7983.0 0.0 176.0 0.0 0.0 0.0 0.0 0.0 0.0 3.0 0.0 0.0 0.0 0.0 11.0 3.0
19/04/23 02:27:20 5639.0 0.0 7983.0 0.0 175.0 0.0 0.0 0.006 0.0 0.0 0.0 3.0 0.0 0.0 0.0 0.0 11.0 3.0
19/04/23 02:27:30 5639.0 0.0 7983.0 0.0 176.0 0.0 0.0 0.006 0.25 0.0 0.0 3.0 0.0 0.0 0.0 0.0 11.0 3.0
19/04/23 02:27:40 5639.0 0.0 7983.0 0.0 176.0 0.0 0.0 0.006 0.0 0.0 4.0 3.0 0.0 0.0 0.0 0.0 11.0 3.0
19/04/23 02:27:50 5639.0 0.0 7983.0 0.0 176.0 0.0 0.0 0.006 0.0 0.0 0.0 3.0 0.0 0.0 0.0 0.0 11.0 3.0
19/04/23 02:28:00 5639.0 0.0 7983.0 0.0 175.0 0.0 0.0 0.006 0.0 0.0 0.0 3.0 0.0 0.0 0.0 0.0 11.0 3.0
19/04/23 02:28:10 5639.0 0.0 7983.0 0.0 175.0 0.0 0.0 0.006 0.0 0.0 2.0 3.0 0.0 0.0 0.0 0.0 11.0 3.0
19/04/23 02:28:20 5640.0 0.0 7983.0 0.0 175.0 0.0 0.005 0.0 0.0 0.0 0.0 3.0 0.0 0.0 0.0 0.0 11.0 3.0
19/04/23 02:28:30 5639.0 0.0 7983.0 0.0 175.0 0.0 0.006 0.0 1.25 0.0 0.0 3.0 0.0 0.0 0.0 0.0 11.0 3.0
19/04/23 02:28:40 5639.0 0.0 7983.0 0.0 176.0 0.0 0.006 0.0 0.0 0.0 0.0 3.0 0.0 0.0 0.0 0.0 11.0 3.0
19/04/23 02:28:50 5639.0 0.0 7983.0 0.0 176.0 0.0 0.0 0.0 0.0 0.0 0.0 3.0 0.0 0.0 0.0 0.0 11.0 3.0
19/04/23 02:29:00 5639.0 0.0 7983.0 0.0 175.0 0.0 0.0 0.0 0.0 0.0 0.0 3.0 0.0 0.0 0.0 0.0 11.0 3.0
19/04/23 02:29:10 5639.0 0.0 7983.0 0.0 175.0 0.0 0.0 0.0 0.0 0.0 0.0 3.0 0.0 0.0 0.0 0.0 11.0 3.0
19/04/23 02:29:20 5639.0 0.0 7983.0 0.0 175.0 0.0 0.0 0.0 0.25 0.0 0.0 3.0 0.0 0.0 0.0 0.0 11.0 3.0
19/04/23 02:29:30 5639.0 0.0 7983.0 0.0 175.0 0.0 0.0 0.0 0.0 0.0 0.0 3.0 0.0 0.0 0.0 0.0 11.0 3.0
19/04/23 02:29:40 5639.0 0.0 7983.0 0.0 175.0 0.0 0.0 0.0 0.5 0.0 0.0 3.0 0.0 0.0 0.0 0.0 11.0 3.0
19/04/23 02:29:50 5639.0 0.0 7983.0 0.0 175.0 0.0 0.0 0.0 0.0 0.0 0.0 3.0 0.0 0.0 0.0 0.0 11.0 3.0
19/04/23 02:30:00 5639.0 0.0 7983.0 0.0 176.0 0.0 0.0 0.0 0.0 0.0 0.0 3.0 0.0 0.0 0.0 0.0 11.0 3.0
19/04/23 02:30:10 5639.0 0.0 7983.0 0.0 176.0 0.0 0.0 0.0 0.25 0.0 2.0 3.0 0.0 0.0 0.0 0.0 11.0 3.0
19/04/23 02:30:20 5639.0 0.0 7983.0 0.0 176.0 0.0 0.0 0.0 0.0 0.0 2.0 3.0 0.0 0.0 0.0 0.0 11.0 3.0
19/04/23 02:30:30 5639.0 0.0 7983.0 0.0 175.0 0.0 0.0 0.0 0.25 0.0 0.0 3.0 0.0 0.0 0.0 0.0 11.0 3.0
19/04/23 02:30:40 5639.0 0.0 7983.0 0.0 175.0 0.0 0.0 0.0 0.0 0.0 0.0 3.0 0.0 0.0 0.0 0.0 11.0 3.0
19/04/23 02:30:50 5640.0 0.0 7983.0 0.0 175.0 0.0 0.006 0.0 0.25 0.0 0.0 3.0 0.0 0.0 0.0 0.0 11.0 3.0
19/04/23 02:31:00 5639.0 0.0 7983.0 0.0 175.0 0.0 0.006 0.0 0.0 0.0 0.0 3.0 0.0 0.0 0.0 0.0 11.0 3.0
19/04/23 02:31:10 5639.0 0.0 7983.0 0.0 176.0 0.0 0.006 0.0 0.0 0.0 0.0 3.0 0.0 0.0 0.08 0.0 11.0 3.0
19/04/23 02:31:20 5639.0 0.0 7983.0 0.0 175.0 0.0 0.006 0.0 0.0 0.0 0.0 3.0 0.0 0.0 0.07 0.0 11.0 3.0
19/04/23 02:31:30 5639.0 0.0 7983.0 0.0 175.0 0.0 0.0 0.006 0.0 0.0 6.0 3.0 0.0 0.0 0.22 0.0 11.0 3.0
19/04/23 02:31:40 5639.0 0.0 7983.0 0.0 175.0 0.0 0.0 0.006 0.25 0.0 0.0 3.0 0.0 0.0 0.18 0.0 11.0 3.0
19/04/23 02:31:50 5639.0 0.0 7983.0 0.0 176.0 0.0 0.0 0.006 0.0 0.0 0.0 3.0 0.0 0.0 0.15 0.0 11.0 3.0
19/04/23 02:32:00 5639.0 0.0 7983.0 0.0 176.0 0.0 0.0 0.0 0.0 0.0 2.0 3.0 0.0 0.0 0.13 0.0 11.0 3.0
19/04/23 02:32:10 5639.0 0.0 7983.0 0.0 175.0 0.0 0.0 0.0 0.0 0.0 0.0 3.0 0.0 0.0 0.11 0.0 11.0 3.0
19/04/23 02:32:20 5639.0 0.0 7983.0 0.0 176.0 0.0 0.0 0.006 0.0 0.0 0.0 3.0 0.0 0.0 0.09 0.0 11.0 3.0
19/04/23 02:32:30 5640.0 0.0 7983.0 0.0 175.0 0.0 0.006 0.0 0.0 0.0 0.0 3.0 0.0 0.0 0.08 0.0 11.0 3.0
19/04/23 02:32:40 5639.0 0.0 7983.0 0.0 175.0 0.0 0.006 0.0 0.0 0.0 0.0 3.0 0.0 0.0 0.07 0.0 11.0 3.0
19/04/23 02:32:50 5639.0 0.0 7983.0 0.0 175.0 0.0 0.006 0.0 0.0 0.0 0.0 3.0 0.0 0.0 0.06 0.0 11.0 3.0
19/04/23 02:33:00 5639.0 0.0 7983.0 0.0 175.0 0.0 0.006 0.0 0.0 0.0 0.0 3.0 0.0 0.0 0.05 0.0 11.0 3.0
19/04/23 02:33:10 5640.0 0.0 7983.0 0.0 175.0 0.0 0.006 0.0 0.25 0.0 0.0 3.0 0.0 0.0 0.04 0.0 11.0 3.0
19/04/23 02:33:20 5639.0 0.0 7983.0 0.0 175.0 0.0 0.006 0.0 0.0 0.0 0.0 3.0 0.0 0.0 0.03 0.0 11.0 3.0
19/04/23 02:33:30 5639.0 0.0 7983.0 0.0 175.0 0.0 0.006 0.0 0.0 0.0 0.0 3.0 0.0 0.0 0.03 0.0 11.0 3.0
19/04/23 02:33:40 5639.0 0.0 7983.0 0.0 175.0 0.0 0.006 0.0 0.25 0.0 0.0 3.0 0.0 0.0 0.02 0.0 11.0 3.0
19/04/23 02:33:50 5639.0 0.0 7983.0 0.0 176.0 0.0 0.0 0.0 0.25 0.0 0.0 3.0 0.0 0.0 0.02 0.0 11.0 3.0
19/04/23 02:34:00 5639.0 0.0 7983.0 0.0 176.0 0.0 0.006 0.0 0.0 0.0 0.0 3.0 0.0 0.0 0.02 0.0 11.0 3.0
19/04/23 02:34:10 5639.0 0.0 7983.0 0.0 175.0 0.0 0.006 0.0 0.25 0.0 0.0 3.0 0.0 0.0 0.01 0.0 11.0 3.0
19/04/23 02:34:20 5639.0 0.0 7983.0 0.0 175.0 0.0 0.005 0.0 0.25 0.0 0.0 3.0 0.0 0.0 0.01 0.0 11.0 3.0
19/04/23 02:34:30 5639.0 0.0 7983.0 0.0 175.0 0.0 0.006 0.0 0.5 0.0 0.0 3.0 0.0 0.0 0.01 0.0 11.0 3.0
19/04/23 02:34:40 5639.0 0.0 7983.0 0.0 175.0 0.0 0.006 0.0 0.0 0.0 0.0 3.0 0.0 0.0 0.01 0.0 11.0 3.0
19/04/23 02:34:50 5639.0 0.0 7983.0 0.0 175.0 0.0 0.0 0.006 0.0 0.0 0.0 3.0 0.0 0.0 0.01 0.0 11.0 3.0
19/04/23 02:35:00 5639.0 0.0 7983.0 0.0 175.0 0.0 0.006 0.0 0.25 0.0 0.0 3.0 0.0 0.0 0.0 0.0 11.0 3.0
19/04/23 02:35:10 5639.0 0.0 7983.0 0.0 175.0 0.0 0.005 0.0 0.0 0.0 0.0 3.0 0.0 0.0 0.0 0.0 11.0 3.0
19/04/23 02:35:20 5639.0 0.0 7983.0 0.0 175.0 0.0 0.006 0.0 0.25 0.0 0.0 3.0 0.0 0.0 0.0 0.0 11.0 3.0
19/04/23 02:35:30 5639.0 0.0 7983.0 0.0 175.0 0.0 0.006 0.0 0.0 0.0 0.0 3.0 0.0 0.0 0.0 0.0 11.0 3.0
19/04/23 02:35:40 5639.0 0.0 7983.0 0.0 176.0 0.0 0.0 0.0 0.5 0.0 0.0 3.0 0.0 0.0 0.0 0.0 11.0 3.0
19/04/23 02:35:50 5639.0 0.0 7983.0 0.0 176.0 0.0 0.006 0.0 0.0 0.0 0.0 3.0 0.0 0.0 0.0 0.0 11.0 3.0
19/04/23 02:36:00 5639.0 0.0 7983.0 0.0 176.0 0.0 0.005 0.0 0.25 0.0 0.0 3.0 0.0 0.0 0.0 0.0 11.0 3.0
19/04/23 02:36:10 5639.0 0.0 7983.0 0.0 176.0 0.0 0.0 0.0 0.0 0.0 0.0 3.0 0.0 0.0 0.0 0.0 11.0 3.0
19/04/23 02:36:20 5639.0 0.0 7983.0 0.0 176.0 0.0 0.0 0.0 0.0 0.0 0.0 3.0 0.0 0.0 0.0 0.0 11.0 3.0
19/04/23 02:36:30 5639.0 0.0 7983.0 0.0 175.0 0.0 0.0 0.0 0.0 0.0 0.0 3.0 0.0 0.0 0.0 0.0 11.0 3.0
19/04/23 02:36:40 5639.0 0.0 7983.0 0.0 175.0 0.0 0.0 0.0 0.0 0.0 0.0 3.0 0.0 0.0 0.0 0.0 11.0 3.0
19/04/23 02:36:50 5639.0 0.0 7983.0 0.0 176.0 0.0 0.0 0.0 0.25 0.0 0.0 3.0 0.0 0.0 0.0 0.0 11.0 3.0
19/04/23 02:37:00 5639.0 0.0 7983.0 0.0 175.0 0.0 0.0 0.0 0.0 0.0 0.0 3.0 0.0 0.0 0.0 0.0 11.0 3.0
19/04/23 02:37:10 5639.0 0.0 7983.0 0.0 176.0 0.0 0.0 0.0 0.0 0.0 0.0 3.0 0.0 0.0 0.0 0.0 11.0 3.0
19/04/23 02:37:20 5639.0 0.0 7983.0 0.0 176.0 0.0 0.0 0.0 0.0 0.0 0.0 3.0 0.0 0.0 0.0 0.0 11.0 3.0
19/04/23 02:37:30 5639.0 0.0 7983.0 0.0 176.0 0.0 0.0 0.0 0.0 0.0 0.0 3.0 0.0 0.0 0.0 0.0 11.0 3.0
19/04/23 02:37:40 5639.0 0.0 7983.0 0.0 176.0 0.0 0.0 0.0 0.0 0.0 0.0 3.0 0.0 0.0 0.0 0.0 11.0 3.0
19/04/23 02:37:50 5639.0 0.0 7983.0 0.0 176.0 0.0 0.0 0.0 0.25 0.0 0.0 3.0 0.0 0.0 0.0 0.0 11.0 3.0
19/04/23 02:38:00 5639.0 0.0 7983.0 0.0 176.0 0.0 0.0 0.0 0.0 0.0 0.0 3.0 0.0 0.0 0.0 0.0 11.0 3.0
19/04/23 02:38:10 5639.0 0.0 7983.0 0.0 176.0 0.0 0.0 0.0 0.0 0.0 0.0 3.0 0.0 0.0 0.0 0.0 11.0 3.0
19/04/23 02:38:20 5639.0 0.0 7983.0 0.0 176.0 0.0 0.0 0.0 0.25 0.0 0.0 3.0 0.0 0.0 0.08 0.0 11.0 3.0
19/04/23 02:38:30 5639.0 0.0 7983.0 0.0 176.0 0.0 0.0 0.0 0.0 0.0 0.0 3.0 0.0 0.0 0.07 0.0 11.0 3.0
19/04/23 02:38:40 5639.0 0.0 7983.0 0.0 176.0 0.0 0.0 0.0 0.0 0.0 0.0 3.0 0.0 0.0 0.06 0.0 11.0 3.0
19/04/23 02:38:50 5639.0 0.0 7983.0 0.0 175.0 0.0 0.0 0.0 0.0 0.0 0.0 3.0 0.0 0.0 0.05 0.0 11.0 3.0
19/04/23 02:39:00 5639.0 0.0 7983.0 0.0 175.0 0.0 0.0 0.0 0.0 0.0 0.0 3.0 0.0 0.0 0.04 0.0 11.0 3.0
19/04/23 02:39:10 5639.0 0.0 7983.0 0.0 176.0 0.0 0.0 0.0 0.0 0.0 0.0 3.0 0.0 0.0 0.03 0.0 11.0 3.0
19/04/23 02:39:20 5639.0 0.0 7983.0 0.0 176.0 0.0 0.0 0.0 0.0 0.0 0.0 3.0 0.0 0.0 0.03 0.0 11.0 3.0
19/04/23 02:39:30 5640.0 0.0 7983.0 0.0 175.0 0.0 0.0 0.0 0.0 0.0 0.0 3.0 0.0 0.0 0.02 0.0 11.0 3.0
19/04/23 02:39:40 5640.0 0.0 7983.0 0.0 174.0 0.0 0.0 0.0 0.0 0.0 0.0 3.0 0.0 0.0 0.02 0.0 11.0 3.0
19/04/23 02:39:50 5640.0 0.0 7983.0 0.0 175.0 0.0 0.0 0.0 0.0 0.0 0.0 3.0 0.0 0.0 0.02 0.0 11.0 3.0
19/04/23 02:40:00 5639.0 0.0 7983.0 0.0 175.0 0.0 0.0 0.0 0.51 0.0 0.0 3.0 0.0 0.0 0.01 0.0 11.0 3.0
19/04/23 02:40:10 5639.0 0.0 7983.0 0.0 175.0 0.0 0.0 0.0 0.25 0.0 0.0 3.0 0.0 0.0 0.01 0.0 11.0 3.0
19/04/23 02:40:20 5640.0 0.0 7983.0 0.0 175.0 0.0 0.0 0.0 0.0 0.0 0.0 3.0 0.0 0.0 0.01 0.0 11.0 3.0
19/04/23 02:40:30 5639.0 0.0 7983.0 0.0 175.0 0.0 0.0 0.0 1.25 0.0 0.0 3.0 0.0 0.0 0.01 0.0 11.0 3.0
19/04/23 02:40:40 5639.0 0.0 7983.0 0.0 175.0 0.0 0.0 0.0 0.0 0.0 0.0 3.0 0.0 0.0 0.0 0.0 11.0 3.0
19/04/23 02:40:50 5639.0 0.0 7983.0 0.0 176.0 0.0 0.0 0.0 0.25 0.0 0.0 3.0 0.0 0.0 0.0 0.0 11.0 3.0
19/04/23 02:41:00 5639.0 0.0 7983.0 0.0 176.0 0.0 0.005 0.0 0.0 0.0 0.0 3.0 0.0 0.0 0.0 0.0 11.0 3.0
19/04/23 02:41:10 5632.0 0.0 7983.0 0.0 183.0 0.0 0.006 0.0 0.0 0.0 0.0 3.0 0.0 0.0 0.0 0.0 11.0 3.0
19/04/23 02:41:20 5632.0 0.0 7983.0 0.0 183.0 0.0 0.005 0.0 0.0 0.0 0.0 3.0 0.0 0.0 0.0 0.0 12.0 3.0
19/04/23 02:41:30 5632.0 0.0 7983.0 0.0 183.0 0.0 0.0 0.006 0.0 0.0 0.0 3.0 0.0 0.0 0.0 0.0 12.0 3.0
19/04/23 02:41:40 5632.0 0.0 7983.0 0.0 183.0 0.0 0.0 0.005 0.0 0.0 0.0 3.0 0.0 0.0 0.0 0.0 12.0 3.0
19/04/23 02:41:50 5632.0 0.0 7983.0 0.0 183.0 0.0 0.0 0.0 0.0 0.0 0.0 3.0 0.0 0.0 0.0 0.0 12.0 3.0
19/04/23 02:42:00 5632.0 0.0 7983.0 0.0 183.0 0.0 0.0 0.0 0.0 0.0 0.0 3.0 0.0 0.0 0.0 0.0 12.0 3.0
19/04/23 02:42:10 5632.0 0.0 7983.0 0.0 183.0 0.0 0.0 0.0 0.25 0.0 0.0 3.0 0.0 0.0 0.0 0.0 12.0 3.0
19/04/23 02:42:20 5631.0 0.0 7983.0 0.0 184.0 0.0 0.0 0.006 0.0 0.0 0.0 3.0 0.0 0.0 0.0 0.0 12.0 3.0
19/04/23 02:42:30 5632.0 0.0 7983.0 0.0 183.0 0.0 0.0 0.005 0.0 0.0 0.0 3.0 0.0 0.0 0.0 0.0 12.0 3.0
19/04/23 02:42:40 5631.0 0.0 7983.0 0.0 183.0 0.0 0.0 0.006 0.0 0.0 0.0 3.0 0.0 0.0 0.0 0.0 12.0 3.0
19/04/23 02:42:50 5632.0 0.0 7983.0 0.0 183.0 0.0 0.0 0.0 0.0 0.0 0.0 3.0 0.0 0.0 0.0 0.0 12.0 3.0
19/04/23 02:43:00 5632.0 0.0 7983.0 0.0 183.0 0.0 0.0 0.006 0.0 0.0 0.0 3.0 0.0 0.0 0.0 0.0 12.0 3.0
19/04/23 02:43:10 5632.0 0.0 7983.0 0.0 183.0 0.0 0.0 0.0 0.0 0.0 0.0 3.0 0.0 0.0 0.0 0.0 12.0 3.0
19/04/23 02:43:20 5631.0 0.0 7983.0 0.0 183.0 0.0 0.0 0.0 0.0 0.0 0.0 3.0 0.0 0.0 0.0 0.0 12.0 3.0
19/04/23 02:43:30 5632.0 0.0 7983.0 0.0 183.0 0.0 0.0 0.006 0.0 0.0 0.0 3.0 0.0 0.0 0.0 0.0 12.0 3.0
19/04/23 02:43:40 5632.0 0.0 7983.0 0.0 183.0 0.0 0.0 0.0 0.0 0.0 0.0 3.0 0.0 0.0 0.0 0.0 12.0 3.0
19/04/23 02:43:50 5631.0 0.0 7983.0 0.0 183.0 0.0 0.0 0.006 0.0 0.0 6.0 3.0 0.0 0.0 0.0 0.0 12.0 3.0
19/04/23 02:44:00 5631.0 0.0 7983.0 0.0 183.0 0.0 0.0 0.0 0.0 0.0 0.0 3.0 0.0 0.0 0.0 0.0 12.0 3.0
19/04/23 02:44:10 5632.0 0.0 7983.0 0.0 182.0 0.0 0.0 0.0 0.25 0.0 0.0 3.0 0.0 0.0 0.0 0.0 12.0 3.0
19/04/23 02:44:20 5632.0 0.0 7983.0 0.0 182.0 0.0 0.0 0.0 0.0 0.0 2.0 3.0 0.0 0.0 0.0 0.0 12.0 3.0
19/04/23 02:44:30 5632.0 0.0 7983.0 0.0 183.0 0.0 0.0 0.0 0.0 0.0 0.0 3.0 0.0 0.0 0.0 0.0 12.0 3.0
19/04/23 02:44:40 5621.0 0.0 7983.0 0.0 193.0 0.0 0.0 0.007 0.5 0.0 0.0 3.0 0.0 0.0 0.0 0.0 12.0 3.0
19/04/23 02:44:50 5614.0 0.0 7983.0 0.0 198.0 0.0 0.088 0.006 0.0 0.0 0.0 3.0 0.0 0.0 0.0 0.0 13.0 3.0
19/04/23 02:45:00 5645.0 0.0 7983.0 0.0 171.0 0.0 0.0 0.006 0.53 0.0 0.0 3.0 0.0 0.0 0.37 0.0 9.0 3.0
19/04/23 02:45:10 5644.0 0.0 7983.0 0.0 172.0 0.0 0.0 0.006 1.51 2.0 114.0 3.0 0.0 0.0 0.31 0.0 10.0 3.0
19/04/23 02:45:20 5644.0 0.0 7983.0 0.0 172.0 0.0 0.0 0.005 0.0 0.0 0.0 3.0 0.0 0.0 0.26 0.0 9.0 3.0
19/04/23 02:45:30 5644.0 0.0 7983.0 0.0 172.0 0.0 0.0 0.006 0.0 0.0 0.0 3.0 0.0 0.0 0.22 0.0 9.0 3.0
19/04/23 02:45:40 5644.0 0.0 7983.0 0.0 173.0 0.0 0.0 0.0 0.0 0.0 0.0 3.0 0.0 0.0 0.19 0.0 9.0 3.0
19/04/23 02:45:50 5644.0 0.0 7983.0 0.0 172.0 0.0 0.0 0.0 0.25 0.0 0.0 3.0 0.0 0.0 0.16 0.0 9.0 3.0
19/04/23 02:46:00 5643.0 0.0 7983.0 0.0 173.0 0.0 0.0 0.0 0.0 0.0 0.0 3.0 0.0 0.0 0.13 0.0 9.0 3.0
19/04/23 02:46:10 5643.0 0.0 7983.0 0.0 173.0 0.0 0.0 0.0 0.0 0.0 0.0 3.0 0.0 0.0 0.11 0.0 9.0 3.0
19/04/23 02:46:20 5643.0 0.0 7983.0 0.0 173.0 0.0 0.006 0.0 0.0 0.0 0.0 3.0 0.0 0.0 0.09 0.0 9.0 3.0
19/04/23 02:46:30 5642.0 0.0 7983.0 0.0 174.0 0.0 0.0 0.0 0.0 0.0 0.0 3.0 0.0 0.0 0.08 0.0 9.0 3.0
19/04/23 02:46:40 5611.0 0.0 7983.0 0.0 205.0 0.0 0.0 0.0 1.0 0.0 153.0 3.0 0.0 0.0 0.07 0.0 10.0 3.0
19/04/23 02:46:50 5607.0 0.0 7983.0 0.0 208.0 0.0 0.0 0.006 4.63 0.0 169.0 3.0 0.0 0.0 0.29 0.0 12.0 3.0
19/04/23 02:47:00 5602.0 0.0 7983.0 0.0 213.0 0.0 0.0 0.001 0.0 0.0 0.0 3.0 0.0 0.0 0.39 0.0 13.0 3.0
19/04/23 02:47:10 5602.0 0.0 7983.0 0.0 213.0 0.0 0.0 0.0 0.0 0.0 0.0 3.0 0.0 0.0 0.33 0.0 13.0 3.0
19/04/23 02:47:20 5603.0 0.0 7983.0 0.0 212.0 0.0 0.0 0.0 0.5 0.0 0.0 3.0 0.0 0.0 0.28 0.0 13.0 3.0
19/04/23 02:47:30 5605.0 0.0 7983.0 0.0 210.0 0.0 0.0 0.0 0.0 0.0 0.0 3.0 0.0 0.0 0.24 0.0 13.0 3.0
19/04/23 02:47:40 5605.0 0.0 7983.0 0.0 210.0 0.0 0.0 0.0 0.0 0.0 0.0 3.0 0.0 0.0 0.28 0.0 13.0 3.0
19/04/23 02:47:50 5604.0 0.0 7983.0 0.0 210.0 0.0 0.0 0.0 0.25 0.0 0.0 3.0 0.0 0.0 0.32 0.0 13.0 3.0
19/04/23 02:48:00 5604.0 0.0 7983.0 0.0 211.0 0.0 0.006 0.0 0.0 0.0 0.0 3.0 0.0 0.0 0.27 0.0 13.0 3.0
19/04/23 02:48:10 5604.0 0.0 7983.0 0.0 211.0 0.0 0.006 0.0 0.0 0.0 0.0 3.0 0.0 0.0 0.23 0.0 13.0 3.0
19/04/23 02:48:20 5603.0 0.0 7983.0 0.0 211.0 0.0 0.006 0.0 0.0 0.0 0.0 3.0 0.0 0.0 0.19 0.0 13.0 3.0
19/04/23 02:48:30 5605.0 0.0 7983.0 0.0 209.0 0.0 0.006 0.0 0.0 0.0 0.0 3.0 0.0 0.0 0.16 0.0 13.0 3.0
19/04/23 02:48:40 5605.0 0.0 7983.0 0.0 209.0 0.0 0.006 0.0 0.25 0.0 0.0 3.0 0.0 0.0 0.14 0.0 13.0 3.0
19/04/23 02:48:50 5605.0 0.0 7983.0 0.0 210.0 0.0 0.006 0.0 0.0 0.0 0.0 3.0 0.0 0.0 0.11 0.0 13.0 3.0
19/04/23 02:49:00 5604.0 0.0 7983.0 0.0 210.0 0.0 0.0 0.0 0.5 0.0 0.0 3.0 0.0 0.0 0.1 0.0 13.0 3.0
19/04/23 02:49:10 5604.0 0.0 7983.0 0.0 211.0 0.0 0.0 0.0 0.0 0.0 0.0 3.0 0.0 0.0 0.09 0.0 13.0 3.0
19/04/23 02:49:20 5604.0 0.0 7983.0 0.0 210.0 0.0 0.0 0.0 0.0 0.0 0.0 3.0 0.0 0.0 0.07 0.0 13.0 3.0
19/04/23 02:49:30 5604.0 0.0 7983.0 0.0 210.0 0.0 0.0 0.0 0.0 0.0 0.0 3.0 0.0 0.0 0.06 0.0 13.0 3.0
19/04/23 02:49:40 5604.0 0.0 7983.0 0.0 211.0 0.0 0.0 0.0 0.0 0.0 0.0 3.0 0.0 0.0 0.05 0.0 13.0 3.0
19/04/23 02:49:50 5604.0 0.0 7983.0 0.0 210.0 0.0 0.0 0.0 0.0 0.0 0.0 3.0 0.0 0.0 0.04 0.0 13.0 3.0
19/04/23 02:50:00 5604.0 0.0 7983.0 0.0 210.0 0.0 0.0 0.0 0.25 0.0 0.0 3.0 0.0 0.0 0.04 0.0 13.0 3.0
19/04/23 02:50:10 5604.0 0.0 7983.0 0.0 211.0 0.0 0.0 0.001 0.0 0.0 0.0 3.0 0.0 0.0 0.03 0.0 13.0 3.0
19/04/23 02:50:20 5604.0 0.0 7983.0 0.0 211.0 0.0 0.0 0.0 0.0 0.0 0.0 3.0 0.0 0.0 0.03 0.0 13.0 3.0
19/04/23 02:50:30 5604.0 0.0 7983.0 0.0 211.0 0.0 0.0 0.0 0.0 0.0 0.0 3.0 0.0 0.0 0.02 0.0 13.0 3.0
19/04/23 02:50:40 5604.0 0.0 7983.0 0.0 210.0 0.0 0.0 0.0 0.0 0.0 0.0 3.0 0.0 0.0 0.02 0.0 13.0 3.0
19/04/23 02:50:50 5604.0 0.0 7983.0 0.0 210.0 0.0 0.0 0.0 0.0 0.0 0.0 3.0 0.0 0.0 0.01 0.0 13.0 3.0
19/04/23 02:51:00 5604.0 0.0 7983.0 0.0 211.0 0.0 0.0 0.0 0.0 0.0 0.0 3.0 0.0 0.0 0.01 0.0 13.0 3.0
19/04/23 02:51:10 5604.0 0.0 7983.0 0.0 210.0 0.0 0.0 0.0 0.0 0.0 0.0 3.0 0.0 0.0 0.01 0.0 13.0 3.0
19/04/23 02:51:20 5604.0 0.0 7983.0 0.0 210.0 0.0 0.0 0.0 0.0 0.0 0.0 3.0 0.0 0.0 0.01 0.0 13.0 3.0
19/04/23 02:51:30 5604.0 0.0 7983.0 0.0 210.0 0.0 0.0 0.0 0.0 0.0 0.0 3.0 0.0 0.0 0.01 0.0 13.0 3.0
19/04/23 02:51:40 5604.0 0.0 7983.0 0.0 210.0 0.0 0.0 0.0 0.0 0.0 0.0 3.0 0.0 0.0 0.0 0.0 13.0 3.0
19/04/23 02:51:50 5605.0 0.0 7983.0 0.0 210.0 0.0 0.0 0.0 0.0 0.0 0.0 3.0 0.0 0.0 0.0 0.0 13.0 3.0
19/04/23 02:52:00 5604.0 0.0 7983.0 0.0 210.0 0.0 0.0 0.0 0.0 0.0 0.0 3.0 0.0 0.0 0.0 0.0 13.0 3.0
19/04/23 02:52:10 5604.0 0.0 7983.0 0.0 210.0 0.0 0.0 0.0 0.25 0.0 0.0 3.0 0.0 0.0 0.0 0.0 13.0 3.0
19/04/23 02:52:20 5604.0 0.0 7983.0 0.0 211.0 0.0 0.0 0.0 0.0 0.0 0.0 3.0 0.0 0.0 0.0 0.0 13.0 3.0
19/04/23 02:52:30 5604.0 0.0 7983.0 0.0 210.0 0.0 0.0 0.0 0.25 0.0 0.0 3.0 0.0 0.0 0.0 0.0 13.0 3.0
19/04/23 02:52:40 5588.0 0.0 7983.0 0.0 226.0 0.0 5.207 0.663 1.76 0.0 0.0 3.0 0.0 0.0 0.0 0.0 13.0 3.0
19/04/23 02:52:50 5585.0 0.0 7983.0 0.0 229.0 0.0 3.144 0.513 3.89 0.0 0.0 3.0 0.0 0.0 0.0 0.0 13.0 3.0
19/04/23 02:53:00 5579.0 0.0 7983.0 0.0 234.0 0.0 4.441 0.479 6.43 0.0 0.0 3.0 0.0 0.0 0.16 0.0 13.0 3.0
19/04/23 02:53:10 5575.0 0.0 7983.0 0.0 238.0 0.0 5.28 0.673 6.75 0.0 0.0 3.0 0.0 0.0 0.13 0.0 13.0 3.0
19/04/23 02:53:20 5572.0 0.0 7983.0 0.0 240.0 0.0 5.331 0.681 7.24 0.0 0.0 3.0 0.0 0.0 0.11 0.0 13.0 3.0
19/04/23 02:53:30 5569.0 0.0 7983.0 0.0 242.0 0.0 5.3 0.685 8.38 0.0 0.0 3.0 0.0 0.0 0.1 0.0 13.0 3.0
19/04/23 02:53:40 5565.0 0.0 7983.0 0.0 244.0 0.0 5.308 0.63 4.91 0.0 0.0 3.0 0.0 0.0 0.23 0.0 13.0 3.0
19/04/23 02:53:50 5562.0 0.0 7983.0 0.0 247.0 0.0 3.821 0.149 7.16 0.0 0.0 3.0 0.0 0.0 0.19 0.0 13.0 3.0
19/04/23 02:54:00 5576.0 0.0 7983.0 0.0 232.0 0.0 10.327 1.335 10.48 0.0 0.0 3.0 0.0 0.0 0.16 0.0 13.0 3.0
19/04/23 02:54:10 5570.0 0.0 7983.0 0.0 236.0 0.0 9.66 1.342 15.49 0.0 0.0 3.0 0.0 0.0 0.3 0.0 13.0 3.0
19/04/23 02:54:20 5567.0 0.0 7983.0 0.0 238.0 0.0 10.942 1.379 14.81 0.0 0.0 3.0 0.0 0.0 0.4 0.0 13.0 3.0
19/04/23 02:54:30 5563.0 0.0 7983.0 0.0 240.0 0.0 11.08 1.371 13.4 0.0 0.0 3.0 0.0 0.0 0.41 0.0 13.0 3.0
19/04/23 02:54:40 5558.0 0.0 7983.0 0.0 244.0 0.0 10.298 1.182 12.97 0.0 0.0 3.0 0.0 0.0 0.51 0.0 13.0 3.0
19/04/23 02:54:50 5555.0 0.0 7983.0 0.0 246.0 0.0 10.374 1.691 15.32 0.0 4.0 3.0 0.0 0.0 0.43 0.0 13.0 3.0
19/04/23 02:55:00 5547.0 0.0 7983.0 0.0 252.0 0.0 15.139 1.785 17.82 0.0 4.0 3.0 0.0 0.0 0.44 0.0 13.0 3.0
19/04/23 02:55:10 5547.0 0.0 7983.0 0.0 253.0 0.0 0.0 0.0 0.25 0.0 0.0 3.0 0.0 0.0 0.44 0.0 13.0 3.0
19/04/23 02:55:20 5603.0 0.0 7983.0 0.0 203.0 0.0 0.012 -0.148 0.5 0.0 104.0 3.0 0.0 0.0 0.35 0.0 13.0 3.0
19/04/23 02:55:30 5589.0 0.0 7983.0 0.0 220.0 0.0 0.0 0.0 0.0 0.0 0.0 3.0 0.0 0.0 0.44 0.0 9.0 3.0
19/04/23 02:55:40 5574.0 0.0 7983.0 0.0 261.0 0.0 0.005 0.029 20.41 0.0 46.0 3.0 0.0 0.0 0.45 0.0 10.0 3.0
19/04/23 02:55:50 5584.0 0.0 7983.0 0.0 225.0 0.0 0.0 0.008 12.57 0.0 0.0 3.0 0.0 0.0 0.46 0.0 12.0 3.0
19/04/23 02:56:00 5585.0 0.0 7983.0 0.0 225.0 0.0 0.0 0.0 0.25 0.0 4.0 3.0 0.0 0.0 0.39 0.0 13.0 3.0
19/04/23 02:56:10 5588.0 0.0 7983.0 0.0 223.0 0.0 0.0 0.0 0.5 0.0 0.0 3.0 0.0 0.0 0.33 0.0 13.0 3.0
19/04/23 02:56:20 5588.0 0.0 7983.0 0.0 223.0 0.0 0.0 0.0 0.0 0.0 0.0 3.0 0.0 0.0 0.28 0.0 13.0 3.0
19/04/23 02:56:30 5589.0 0.0 7983.0 0.0 223.0 0.0 0.0 0.0 0.5 0.0 0.0 3.0 0.0 0.0 0.24 0.0 13.0 3.0
19/04/23 02:56:40 5589.0 0.0 7983.0 0.0 223.0 0.0 0.0 0.0 0.25 0.0 0.0 3.0 0.0 0.0 0.2 0.0 13.0 3.0
19/04/23 02:56:50 5590.0 0.0 7983.0 0.0 223.0 0.0 0.0 0.0 0.25 0.0 0.0 3.0 0.0 0.0 0.17 0.0 13.0 3.0
19/04/23 02:57:00 5591.0 0.0 7983.0 0.0 223.0 0.0 0.006 0.0 0.25 0.0 0.0 3.0 0.0 0.0 0.14 0.0 13.0 3.0
19/04/23 02:57:10 5591.0 0.0 7983.0 0.0 223.0 0.0 0.0 0.005 0.0 0.0 0.0 3.0 0.0 0.0 0.12 0.0 13.0 3.0
19/04/23 02:57:20 5590.0 0.0 7983.0 0.0 223.0 0.0 0.005 0.0 0.0 0.0 0.0 3.0 0.0 0.0 0.1 0.0 13.0 3.0
19/04/23 02:57:30 5591.0 0.0 7983.0 0.0 223.0 0.0 0.006 0.0 0.0 0.0 0.0 3.0 0.0 0.0 0.08 0.0 13.0 3.0
19/04/23 02:57:40 5591.0 0.0 7983.0 0.0 223.0 0.0 0.006 0.0 0.0 0.0 0.0 3.0 0.0 0.0 0.07 0.0 13.0 3.0
19/04/23 02:57:50 5590.0 0.0 7983.0 0.0 224.0 0.0 0.006 0.0 0.25 0.0 0.0 3.0 0.0 0.0 0.14 0.0 13.0 3.0
19/04/23 02:58:00 5590.0 0.0 7983.0 0.0 223.0 0.0 0.0 0.006 0.75 0.0 0.0 3.0 0.0 0.0 0.12 0.0 13.0 3.0
19/04/23 02:58:10 5590.0 0.0 7983.0 0.0 223.0 0.0 0.0 0.006 0.75 0.0 0.0 3.0 0.0 0.0 0.1 0.0 13.0 3.0
19/04/23 02:58:20 5590.0 0.0 7983.0 0.0 223.0 0.0 0.002 0.006 0.75 0.0 0.0 3.0 0.0 0.0 0.08 0.0 13.0 3.0
19/04/23 02:58:30 5583.0 0.0 7983.0 0.0 230.0 0.0 3.991 0.656 1.0 0.0 0.0 3.0 0.0 0.0 0.07 0.0 13.0 3.0
19/04/23 02:58:40 5578.0 0.0 7983.0 0.0 235.0 0.0 5.16 0.633 7.24 0.0 0.0 3.0 0.0 0.0 0.06 0.0 13.0 3.0
19/04/23 02:58:50 5573.0 0.0 7983.0 0.0 239.0 0.0 5.069 0.637 6.3 0.0 0.0 3.0 0.0 0.0 0.2 0.0 13.0 3.0
19/04/23 02:59:00 5569.0 0.0 7983.0 0.0 242.0 0.0 4.933 0.589 8.21 0.0 0.0 3.0 0.0 0.0 0.17 0.0 13.0 3.0
19/04/23 02:59:10 5562.0 0.0 7983.0 0.0 248.0 0.0 9.991 1.196 14.13 0.0 0.0 3.0 0.0 0.0 0.14 0.0 13.0 3.0
19/04/23 02:59:20 5556.0 0.0 7983.0 0.0 253.0 0.0 9.939 1.23 13.75 0.0 0.0 3.0 0.0 0.0 0.12 0.0 13.0 3.0
19/04/23 02:59:30 5549.0 0.0 7983.0 0.0 258.0 0.0 10.242 1.276 15.08 0.0 0.0 3.0 0.0 0.0 0.4 0.0 13.0 3.0
19/04/23 02:59:40 5543.0 0.0 7983.0 0.0 262.0 0.0 9.463 1.172 13.68 0.0 0.0 3.0 0.0 0.0 0.41 0.0 13.0 3.0
19/04/23 02:59:50 5539.0 0.0 7983.0 0.0 265.0 0.0 9.778 1.427 13.1 0.0 0.0 3.0 0.0 0.0 0.38 0.0 13.0 3.0
19/04/23 03:00:00 5532.0 0.0 7983.0 0.0 270.0 0.0 15.209 1.895 22.52 0.0 6.0 3.0 0.0 0.0 0.32 0.0 13.0 3.0
19/04/23 03:00:10 5524.0 0.0 7983.0 0.0 276.0 0.0 15.352 1.881 22.62 0.0 4.0 3.0 0.0 0.0 0.57 0.0 13.0 3.0
19/04/23 03:00:20 5517.0 0.0 7983.0 0.0 281.0 0.0 14.926 1.796 18.68 0.0 8.0 3.0 0.0 0.0 0.7 0.0 13.0 3.0
19/04/23 03:00:30 5511.0 0.0 7983.0 0.0 285.0 0.0 19.079 2.389 19.95 0.0 12.0 3.0 0.0 0.0 0.97 0.0 13.0 3.0
19/04/23 03:00:40 5509.0 0.0 7983.0 0.0 286.0 0.0 0.819 1.034 6.99 0.0 4.0 3.0 0.0 0.0 0.82 0.0 13.0 3.0
19/04/23 03:00:50 5507.0 0.0 7983.0 0.0 288.0 0.0 7.221 0.095 8.25 0.0 0.0 3.0 0.0 0.0 0.99 0.0 13.0 3.0
19/04/23 03:01:00 5507.0 0.0 7983.0 0.0 288.0 0.0 7.47 0.674 5.64 0.0 6.0 3.0 0.0 0.0 1.4 0.0 13.0 3.0
19/04/23 03:01:10 5507.0 0.0 7983.0 0.0 288.0 0.0 4.146 0.511 7.75 0.0 0.0 3.0 0.0 0.0 1.18 0.0 13.0 3.0
19/04/23 03:01:20 5507.0 0.0 7983.0 0.0 289.0 0.0 21.923 0.035 2.8 0.0 0.0 3.0 0.0 0.0 1.4 0.0 13.0 3.0
19/04/23 03:01:30 5507.0 0.0 7983.0 0.0 289.0 0.0 5.907 1.811 20.73 0.0 0.0 3.0 0.0 0.0 2.09 0.0 13.0 3.0
19/04/23 03:01:40 5533.0 0.0 7983.0 0.0 262.0 0.0 13.068 1.559 5.91 0.0 0.0 3.0 0.0 0.0 1.77 0.0 13.0 3.0
19/04/23 03:01:50 5532.0 0.0 7983.0 0.0 263.0 0.0 8.52 1.648 8.83 0.0 0.0 3.0 0.0 0.0 1.58 0.0 13.0 3.0
19/04/23 03:02:00 5531.0 0.0 7983.0 0.0 263.0 0.0 21.511 2.305 7.69 0.0 0.0 3.0 0.0 0.0 1.41 0.0 13.0 3.0
19/04/23 03:02:10 5531.0 0.0 7983.0 0.0 262.0 0.0 17.296 2.755 13.51 0.0 0.0 3.0 0.0 0.0 1.51 0.0 13.0 3.0
19/04/23 03:02:20 5530.0 0.0 7983.0 0.0 262.0 0.0 3.834 2.982 34.01 0.0 4.0 3.0 0.0 0.0 1.36 0.0 13.0 3.0
19/04/23 03:02:30 5524.0 0.0 7983.0 0.0 268.0 0.0 13.009 3.269 24.16 0.0 6.0 3.0 0.0 0.0 1.47 0.0 13.0 3.0
19/04/23 03:02:40 5523.0 0.0 7983.0 0.0 269.0 0.0 8.852 0.312 6.97 0.0 0.0 3.0 0.0 0.0 1.62 0.0 13.0 3.0
19/04/23 03:02:50 5522.0 0.0 7983.0 0.0 270.0 0.0 4.165 0.624 1.27 0.0 0.0 3.0 0.0 0.0 1.37 0.0 13.0 3.0
19/04/23 03:03:00 5522.0 0.0 7983.0 0.0 269.0 0.0 0.954 0.326 9.54 0.0 2.0 3.0 0.0 0.0 1.16 0.0 13.0 3.0
19/04/23 03:03:10 5522.0 0.0 7983.0 0.0 270.0 0.0 2.168 1.415 6.96 0.0 0.0 3.0 0.0 0.0 1.13 0.0 13.0 3.0
19/04/23 03:03:20 5522.0 0.0 7983.0 0.0 270.0 0.0 19.898 1.127 3.33 0.0 0.0 3.0 0.0 0.0 1.25 0.0 13.0 3.0
19/04/23 03:03:30 5523.0 0.0 7983.0 0.0 269.0 0.0 0.006 0.0 0.0 0.0 6.0 3.0 0.0 0.0 1.06 0.0 13.0 3.0
19/04/23 03:03:40 5523.0 0.0 7983.0 0.0 270.0 0.0 0.006 0.0 0.25 0.0 0.0 3.0 0.0 0.0 0.9 0.0 13.0 3.0
19/04/23 03:03:50 5524.0 0.0 7983.0 0.0 270.0 0.0 0.0 0.0 0.51 0.0 0.0 3.0 0.0 0.0 0.76 0.0 13.0 3.0
19/04/23 03:04:00 5528.0 0.0 7983.0 0.0 268.0 0.0 0.0 0.0 0.5 0.0 0.0 3.0 0.0 0.0 0.64 0.0 13.0 3.0
19/04/23 03:04:10 5529.0 0.0 7983.0 0.0 268.0 0.0 0.0 0.0 0.0 0.0 0.0 3.0 0.0 0.0 0.54 0.0 13.0 3.0
19/04/23 03:04:20 5531.0 0.0 7983.0 0.0 268.0 0.0 0.0 0.001 0.5 0.0 0.0 3.0 0.0 0.0 0.46 0.0 13.0 3.0
19/04/23 03:04:30 5533.0 0.0 7983.0 0.0 268.0 0.0 0.0 0.0 0.5 0.0 0.0 3.0 0.0 0.0 0.39 0.0 13.0 3.0
19/04/23 03:04:40 5534.0 0.0 7983.0 0.0 268.0 0.0 0.0 0.0 0.0 0.0 0.0 3.0 0.0 0.0 0.33 0.0 13.0 3.0
19/04/23 03:04:50 5535.0 0.0 7983.0 0.0 267.0 0.0 0.0 0.0 0.0 0.0 0.0 3.0 0.0 0.0 0.28 0.0 13.0 3.0
19/04/23 03:05:00 5535.0 0.0 7983.0 0.0 267.0 0.0 0.0 0.0 0.5 0.0 0.0 3.0 0.0 0.0 0.23 0.0 13.0 3.0
19/04/23 03:05:10 5536.0 0.0 7983.0 0.0 267.0 0.0 0.0 0.0 0.0 0.0 0.0 3.0 0.0 0.0 0.2 0.0 13.0 3.0
19/04/23 03:05:20 5536.0 0.0 7983.0 0.0 268.0 0.0 0.0 0.0 0.5 0.0 0.0 3.0 0.0 0.0 0.17 0.0 13.0 3.0
19/04/23 03:05:30 5537.0 0.0 7983.0 0.0 267.0 0.0 0.006 0.0 0.25 0.0 0.0 3.0 0.0 0.0 0.14 0.0 13.0 3.0
19/04/23 03:05:40 5537.0 0.0 7983.0 0.0 267.0 0.0 0.006 0.0 0.0 0.0 0.0 3.0 0.0 0.0 0.12 0.0 13.0 3.0
19/04/23 03:05:50 5537.0 0.0 7983.0 0.0 267.0 0.0 0.007 0.0 1.01 0.0 0.0 3.0 0.0 0.0 0.1 0.0 13.0 3.0
19/04/23 03:06:00 5536.0 0.0 7983.0 0.0 267.0 0.0 0.0 0.006 0.0 0.0 0.0 3.0 0.0 0.0 0.08 0.0 13.0 3.0
19/04/23 03:06:10 5537.0 0.0 7983.0 0.0 267.0 0.0 0.0 0.005 0.0 0.0 0.0 3.0 0.0 0.0 0.07 0.0 13.0 3.0
19/04/23 03:06:20 5537.0 0.0 7983.0 0.0 267.0 0.0 0.0 0.006 0.0 0.0 0.0 3.0 0.0 0.0 0.06 0.0 13.0 3.0
19/04/23 03:06:30 5537.0 0.0 7983.0 0.0 267.0 0.0 0.0 0.006 0.0 0.0 4.0 3.0 0.0 0.0 0.05 0.0 13.0 3.0
19/04/23 03:06:40 5537.0 0.0 7983.0 0.0 267.0 0.0 0.0 0.007 0.0 0.0 0.0 3.0 0.0 0.0 0.04 0.0 13.0 3.0
19/04/23 03:06:50 5537.0 0.0 7983.0 0.0 267.0 0.0 0.0 0.006 0.5 0.0 0.0 3.0 0.0 0.0 0.04 0.0 13.0 3.0
19/04/23 03:07:00 5604.0 0.0 7983.0 0.0 201.0 0.0 0.0 0.006 0.5 0.0 285.0 3.0 0.0 0.0 0.03 0.0 13.0 3.0
19/04/23 03:07:10 5628.0 0.0 7983.0 0.0 186.0 0.0 0.0 0.006 0.0 0.0 0.0 3.0 0.0 0.0 0.02 0.0 9.0 3.0
19/04/23 03:07:20 5627.0 0.0 7983.0 0.0 186.0 0.0 0.0 0.006 0.25 0.0 2.0 3.0 0.0 0.0 0.02 0.0 9.0 3.0
19/04/23 03:07:30 5627.0 0.0 7983.0 0.0 187.0 0.0 0.0 0.006 0.0 0.0 0.0 3.0 0.0 0.0 0.02 0.0 9.0 3.0
19/04/23 03:07:40 5628.0 0.0 7983.0 0.0 186.0 0.0 0.006 0.0 0.25 0.0 0.0 3.0 0.0 0.0 0.01 0.0 9.0 3.0
19/04/23 03:07:50 5628.0 0.0 7983.0 0.0 186.0 0.0 0.005 0.0 0.0 0.0 0.0 3.0 0.0 0.0 0.01 0.0 9.0 3.0
19/04/23 03:08:00 5628.0 0.0 7983.0 0.0 186.0 0.0 0.0 0.0 0.0 0.0 0.0 3.0 0.0 0.0 0.01 0.0 9.0 3.0
19/04/23 03:08:10 5627.0 0.0 7983.0 0.0 187.0 0.0 0.0 0.0 0.25 0.0 0.0 3.0 0.0 0.0 0.01 0.0 9.0 3.0
19/04/23 03:08:20 5628.0 0.0 7983.0 0.0 186.0 0.0 0.006 0.0 0.25 0.0 0.0 3.0 0.0 0.0 0.0 0.0 9.0 3.0
19/04/23 03:08:30 5628.0 0.0 7983.0 0.0 186.0 0.0 0.0 0.006 1.0 0.0 0.0 3.0 0.0 0.0 0.0 0.0 9.0 3.0
19/04/23 03:08:40 5627.0 0.0 7983.0 0.0 187.0 0.0 0.006 0.0 0.5 0.0 0.0 3.0 0.0 0.0 0.0 0.0 9.0 3.0
19/04/23 03:08:50 5629.0 0.0 7983.0 0.0 185.0 0.0 0.006 0.0 0.5 0.0 0.0 3.0 0.0 0.0 0.0 0.0 9.0 3.0
19/04/23 03:09:00 5629.0 0.0 7983.0 0.0 186.0 0.0 0.006 0.0 0.75 0.0 0.0 3.0 0.0 0.0 0.0 0.0 9.0 3.0
19/04/23 03:09:10 5630.0 0.0 7983.0 0.0 184.0 0.0 0.006 0.0 0.75 0.0 0.0 3.0 0.0 0.0 0.0 0.0 9.0 3.0
19/04/23 03:09:20 5629.0 0.0 7983.0 0.0 185.0 0.0 0.006 0.0 0.75 0.0 0.0 3.0 0.0 0.0 0.0 0.0 9.0 3.0
19/04/23 03:09:30 5629.0 0.0 7983.0 0.0 185.0 0.0 0.0 0.006 0.5 0.0 0.0 3.0 0.0 0.0 0.0 0.0 9.0 3.0
19/04/23 03:09:40 5629.0 0.0 7983.0 0.0 185.0 0.0 0.006 0.0 1.25 0.0 0.0 3.0 0.0 0.0 0.0 0.0 9.0 3.0
19/04/23 03:09:50 5629.0 0.0 7983.0 0.0 185.0 0.0 0.006 0.0 0.76 0.0 0.0 3.0 0.0 0.0 0.0 0.0 9.0 3.0
19/04/23 03:10:00 5629.0 0.0 7983.0 0.0 185.0 0.0 0.0 0.006 1.25 0.0 0.0 3.0 0.0 0.0 0.0 0.0 9.0 3.0
19/04/23 03:10:10 5629.0 0.0 7983.0 0.0 185.0 0.0 0.0 0.006 1.0 0.0 2.0 3.0 0.0 0.0 0.0 0.0 9.0 3.0
19/04/23 03:10:20 5629.0 0.0 7983.0 0.0 185.0 0.0 0.0 0.006 0.75 0.0 2.0 3.0 0.0 0.0 0.0 0.0 9.0 3.0
19/04/23 03:10:30 5629.0 0.0 7983.0 0.0 185.0 0.0 0.0 0.006 0.75 0.0 0.0 3.0 0.0 0.0 0.0 0.0 9.0 3.0
19/04/23 03:10:40 5628.0 0.0 7983.0 0.0 186.0 0.0 0.0 0.006 0.25 0.0 0.0 3.0 0.0 0.0 0.0 0.0 9.0 3.0
19/04/23 03:10:50 5629.0 0.0 7983.0 0.0 186.0 0.0 0.006 0.0 0.0 0.0 0.0 3.0 0.0 0.0 0.0 0.0 9.0 3.0
19/04/23 03:11:00 5628.0 0.0 7983.0 0.0 186.0 0.0 0.0 0.005 0.0 0.0 0.0 3.0 0.0 0.0 0.0 0.0 9.0 3.0
19/04/23 03:11:10 5629.0 0.0 7983.0 0.0 185.0 0.0 0.0 0.006 0.0 0.0 0.0 3.0 0.0 0.0 0.0 0.0 9.0 3.0
19/04/23 03:11:20 5629.0 0.0 7983.0 0.0 185.0 0.0 0.0 0.006 0.0 0.0 0.0 3.0 0.0 0.0 0.0 0.0 9.0 3.0
19/04/23 03:11:30 5629.0 0.0 7983.0 0.0 185.0 0.0 0.006 0.0 0.0 0.0 0.0 3.0 0.0 0.0 0.0 0.0 9.0 3.0
19/04/23 03:11:40 5608.0 0.0 7983.0 0.0 207.0 0.0 0.006 0.0 0.0 0.0 0.0 3.0 0.0 0.0 0.0 0.0 9.0 3.0
19/04/23 03:11:50 5585.0 0.0 7983.0 0.0 228.0 0.0 0.005 0.044 20.21 0.0 19.0 3.0 0.0 0.0 0.24 0.0 12.0 3.0
19/04/23 03:12:00 5599.0 0.0 7983.0 0.0 214.0 0.0 0.0 0.007 0.0 0.0 0.0 3.0 0.0 0.0 0.2 0.0 13.0 3.0
19/04/23 03:12:10 5602.0 0.0 7983.0 0.0 212.0 0.0 -0.149 0.042 54.69 0.0 46.0 3.0 0.0 0.0 0.17 0.0 11.0 3.0
19/04/23 03:12:20 5623.0 0.0 7983.0 0.0 191.0 0.0 0.005 0.0 0.0 0.0 0.0 3.0 0.0 0.0 0.14 0.0 9.0 3.0
19/04/23 03:12:30 5603.0 0.0 7983.0 0.0 210.0 0.0 0.006 0.0 0.25 0.0 10.0 3.0 0.0 0.0 0.12 0.0 9.0 3.0
19/04/23 03:12:40 5588.0 0.0 7983.0 0.0 225.0 0.0 0.006 0.149 1.93 0.0 51.0 3.0 0.0 0.0 0.5 0.0 11.0 3.0
19/04/23 03:12:50 5599.0 0.0 7983.0 0.0 213.0 0.0 0.011 0.002 22.51 0.0 0.0 3.0 0.0 0.0 0.5 0.0 13.0 3.0
19/04/23 03:13:00 5598.0 0.0 7983.0 0.0 214.0 0.0 0.0 0.0 0.25 0.0 154.0 3.0 0.0 0.0 0.42 0.0 13.0 3.0
19/04/23 03:13:10 5599.0 0.0 7983.0 0.0 212.0 0.0 0.0 0.0 1.0 0.0 0.0 3.0 0.0 0.0 0.36 0.0 13.0 3.0
19/04/23 03:13:20 5600.0 0.0 7983.0 0.0 211.0 0.0 0.0 0.0 0.0 0.0 0.0 3.0 0.0 0.0 0.3 0.0 13.0 3.0
19/04/23 03:13:30 5600.0 0.0 7983.0 0.0 211.0 0.0 0.0 0.0 0.0 0.0 0.0 3.0 0.0 0.0 0.25 0.0 13.0 3.0
19/04/23 03:13:40 5600.0 0.0 7983.0 0.0 211.0 0.0 0.0 0.0 0.0 0.0 0.0 3.0 0.0 0.0 0.22 0.0 13.0 3.0
19/04/23 03:13:50 5600.0 0.0 7983.0 0.0 211.0 0.0 0.0 0.0 0.0 0.0 0.0 3.0 0.0 0.0 0.18 0.0 13.0 3.0
19/04/23 03:14:00 5600.0 0.0 7983.0 0.0 212.0 0.0 0.003 0.0 0.25 0.0 0.0 3.0 0.0 0.0 0.15 0.0 13.0 3.0
19/04/23 03:14:10 5589.0 0.0 7983.0 0.0 223.0 0.0 5.015 1.225 0.0 0.0 0.0 3.0 0.0 0.0 0.2 0.0 13.0 3.0
19/04/23 03:14:20 5579.0 0.0 7983.0 0.0 231.0 0.0 10.647 1.327 13.53 0.0 0.0 3.0 0.0 0.0 0.25 0.0 13.0 3.0
19/04/23 03:14:30 5570.0 0.0 7983.0 0.0 238.0 0.0 10.726 1.304 15.67 0.0 0.0 3.0 0.0 0.0 0.28 0.0 13.0 3.0
19/04/23 03:14:40 5563.0 0.0 7983.0 0.0 243.0 0.0 10.736 1.302 14.06 0.0 0.0 3.0 0.0 0.0 0.4 0.0 13.0 3.0
19/04/23 03:14:50 5549.0 0.0 7983.0 0.0 255.0 0.0 19.015 2.318 25.41 0.0 0.0 3.0 0.0 0.0 0.5 0.0 13.0 3.0
19/04/23 03:15:00 5539.0 0.0 7983.0 0.0 262.0 0.0 19.727 2.302 28.03 0.0 4.0 3.0 0.0 0.0 1.05 0.0 13.0 3.0
19/04/23 03:15:10 5526.0 0.0 7983.0 0.0 272.0 0.0 19.417 2.284 26.5 0.0 6.0 3.0 0.0 0.0 1.13 0.0 13.0 3.0
19/04/23 03:15:20 5517.0 0.0 7983.0 0.0 278.0 0.0 19.7 2.217 25.28 0.0 0.0 3.0 0.0 0.0 1.03 0.0 13.0 3.0
19/04/23 03:15:30 5507.0 0.0 7983.0 0.0 285.0 0.0 25.431 3.102 35.98 0.0 4.0 3.0 0.0 0.0 0.87 0.0 13.0 3.0
19/04/23 03:15:40 5507.0 0.0 7983.0 0.0 286.0 0.0 0.575 0.08 1.51 0.0 6.0 3.0 0.0 0.0 0.74 0.0 13.0 3.0
19/04/23 03:15:50 5507.0 0.0 7983.0 0.0 286.0 0.0 0.586 0.08 1.76 0.0 4.0 3.0 0.0 0.0 0.7 0.0 13.0 3.0
19/04/23 03:16:00 5507.0 0.0 7983.0 0.0 287.0 0.0 0.623 0.081 2.26 0.0 4.0 3.0 0.0 0.0 0.59 0.0 13.0 3.0
19/04/23 03:16:10 5508.0 0.0 7983.0 0.0 287.0 0.0 0.704 0.136 1.27 0.0 0.0 3.0 0.0 0.0 0.5 0.0 13.0 3.0
19/04/23 03:16:20 5504.0 0.0 7983.0 0.0 290.0 0.0 2.367 1.861 23.85 0.0 0.0 3.0 0.0 0.0 0.5 0.0 13.0 3.0
19/04/23 03:16:30 5506.0 0.0 7983.0 0.0 290.0 0.0 0.0 0.0 0.76 0.0 0.0 3.0 0.0 0.0 0.43 0.0 13.0 3.0
19/04/23 03:16:40 5506.0 0.0 7983.0 0.0 291.0 0.0 0.0 0.0 0.0 0.0 0.0 3.0 0.0 0.0 0.36 0.0 13.0 3.0
19/04/23 03:16:50 5507.0 0.0 7983.0 0.0 291.0 0.0 0.0 0.0 0.0 0.0 0.0 3.0 0.0 0.0 0.3 0.0 13.0 3.0
19/04/23 03:17:00 5509.0 0.0 7983.0 0.0 291.0 0.0 0.0 0.0 0.0 0.0 0.0 3.0 0.0 0.0 0.26 0.0 13.0 3.0
19/04/23 03:17:10 5511.0 0.0 7983.0 0.0 291.0 0.0 0.0 0.0 0.25 0.0 0.0 3.0 0.0 0.0 0.22 0.0 13.0 3.0
19/04/23 03:17:20 5513.0 0.0 7983.0 0.0 291.0 0.0 0.0 0.0 0.5 0.0 0.0 3.0 0.0 0.0 0.18 0.0 13.0 3.0
19/04/23 03:17:30 5515.0 0.0 7983.0 0.0 290.0 0.0 0.0 0.0 0.0 0.0 0.0 3.0 0.0 0.0 0.15 0.0 13.0 3.0
19/04/23 03:17:40 5515.0 0.0 7983.0 0.0 291.0 0.0 0.0 0.0 0.25 0.0 0.0 3.0 0.0 0.0 0.13 0.0 13.0 3.0
19/04/23 03:17:50 5515.0 0.0 7983.0 0.0 290.0 0.0 0.0 0.0 0.25 0.0 4.0 3.0 0.0 0.0 0.11 0.0 13.0 3.0
19/04/23 03:18:00 5515.0 0.0 7983.0 0.0 290.0 0.0 0.0 0.0 0.25 0.0 0.0 3.0 0.0 0.0 0.09 0.0 13.0 3.0
19/04/23 03:18:10 5515.0 0.0 7983.0 0.0 290.0 0.0 0.0 0.0 0.25 0.0 0.0 3.0 0.0 0.0 0.08 0.0 13.0 3.0
19/04/23 03:18:20 5516.0 0.0 7983.0 0.0 290.0 0.0 0.0 0.0 0.0 0.0 0.0 3.0 0.0 0.0 0.07 0.0 13.0 3.0
19/04/23 03:18:30 5614.0 0.0 7983.0 0.0 194.0 0.0 -54.197 -0.142 17.93 0.0 0.0 3.0 0.0 0.0 0.06 0.0 15.0 3.0
19/04/23 03:18:40 5571.0 0.0 7983.0 0.0 237.0 0.0 0.0 0.064 15.08 0.0 50.0 3.0 0.0 0.0 0.34 0.0 10.0 3.0
19/04/23 03:18:50 5596.0 0.0 7983.0 0.0 214.0 0.0 0.133 0.002 18.13 0.0 0.0 3.0 0.0 0.0 0.52 0.0 12.0 3.0
19/04/23 03:19:00 5597.0 0.0 7983.0 0.0 214.0 0.0 0.0 0.0 0.0 0.0 0.0 3.0 0.0 0.0 0.59 0.0 13.0 3.0
19/04/23 03:19:10 5599.0 0.0 7983.0 0.0 212.0 0.0 0.0 0.0 0.0 0.0 0.0 3.0 0.0 0.0 0.5 0.0 13.0 3.0
19/04/23 03:19:20 5599.0 0.0 7983.0 0.0 211.0 0.0 0.0 0.0 0.0 0.0 0.0 3.0 0.0 0.0 0.42 0.0 13.0 3.0
19/04/23 03:19:30 5599.0 0.0 7983.0 0.0 211.0 0.0 0.0 0.0 0.0 0.0 0.0 3.0 0.0 0.0 0.36 0.0 13.0 3.0
19/04/23 03:19:40 5600.0 0.0 7983.0 0.0 211.0 0.0 0.0 0.0 0.0 0.0 0.0 3.0 0.0 0.0 0.3 0.0 13.0 3.0
19/04/23 03:19:50 5600.0 0.0 7983.0 0.0 210.0 0.0 0.0 0.0 0.25 0.0 0.0 3.0 0.0 0.0 0.25 0.0 13.0 3.0
19/04/23 03:20:00 5599.0 0.0 7983.0 0.0 211.0 0.0 0.001 0.0 1.0 0.0 0.0 3.0 0.0 0.0 0.21 0.0 13.0 3.0
19/04/23 03:20:10 5571.0 0.0 7983.0 0.0 237.0 0.0 25.459 2.967 33.97 0.0 0.0 3.0 0.0 0.0 0.34 0.0 13.0 3.0
19/04/23 03:20:20 5556.0 0.0 7983.0 0.0 248.0 0.0 23.691 2.842 33.24 0.0 0.0 3.0 0.0 0.0 0.52 0.0 13.0 3.0
19/04/23 03:20:30 5542.0 0.0 7983.0 0.0 259.0 0.0 23.923 2.916 34.83 0.0 0.0 3.0 0.0 0.0 0.6 0.0 13.0 3.0
19/04/23 03:20:40 5522.0 0.0 7983.0 0.0 274.0 0.0 22.483 2.794 33.62 0.0 0.0 3.0 0.0 0.0 1.04 0.0 13.0 3.0
19/04/23 03:20:50 5502.0 0.0 7983.0 0.0 291.0 0.0 34.734 3.835 47.06 0.0 0.0 3.0 0.0 0.0 1.35 0.0 13.0 3.0
19/04/23 03:21:00 5481.0 0.0 7983.0 0.0 306.0 0.0 35.923 4.062 55.24 0.0 0.0 3.0 0.0 0.0 1.76 0.0 13.0 3.0
19/04/23 03:21:10 5471.0 0.0 7983.0 0.0 314.0 0.0 35.464 3.922 46.05 0.0 0.0 3.0 0.0 0.0 1.79 0.0 13.0 3.0
19/04/23 03:21:20 5459.0 0.0 7983.0 0.0 321.0 0.0 31.653 3.55 42.94 0.0 2.0 3.0 0.0 0.0 1.88 0.0 13.0 3.0
19/04/23 03:21:30 5451.0 0.0 7983.0 0.0 326.0 0.0 34.925 3.924 42.9 0.0 2.0 3.0 0.0 0.0 2.05 0.0 13.0 3.0
19/04/23 03:21:40 5444.0 0.0 7983.0 0.0 329.0 0.0 38.272 4.272 55.14 0.0 14.0 3.0 0.0 0.0 2.26 0.0 13.0 3.0
19/04/23 03:21:50 5443.0 0.0 7983.0 0.0 330.0 0.0 1.357 0.17 2.17 0.0 12.0 3.0 0.0 0.0 1.99 0.0 13.0 3.0
19/04/23 03:22:00 5444.0 0.0 7983.0 0.0 330.0 0.0 1.664 0.186 2.54 0.0 6.0 3.0 0.0 0.0 1.76 0.0 13.0 3.0
19/04/23 03:22:10 5445.0 0.0 7983.0 0.0 330.0 0.0 1.687 1.504 3.4 0.0 8.0 3.0 0.0 0.0 1.49 0.0 13.0 3.0
19/04/23 03:22:20 5448.0 0.0 7983.0 0.0 330.0 0.0 0.002 0.0 0.77 0.0 0.0 3.0 0.0 0.0 1.33 0.0 13.0 3.0
19/04/23 03:22:30 5451.0 0.0 7983.0 0.0 330.0 0.0 0.071 0.0 0.76 0.0 0.0 3.0 0.0 0.0 1.13 0.0 13.0 3.0
19/04/23 03:22:40 5454.0 0.0 7983.0 0.0 330.0 0.0 0.0 0.006 1.26 0.0 2.0 3.0 0.0 0.0 0.95 0.0 13.0 3.0
19/04/23 03:22:50 5456.0 0.0 7983.0 0.0 331.0 0.0 0.0 0.005 0.26 0.0 0.0 3.0 0.0 0.0 0.81 0.0 13.0 3.0
19/04/23 03:23:00 5459.0 0.0 7983.0 0.0 330.0 0.0 0.0 0.006 0.0 0.0 0.0 3.0 0.0 0.0 0.68 0.0 13.0 3.0
19/04/23 03:23:10 5462.0 0.0 7983.0 0.0 330.0 0.0 0.0 0.005 0.0 0.0 12.0 3.0 0.0 0.0 0.58 0.0 13.0 3.0
19/04/23 03:23:20 5465.0 0.0 7983.0 0.0 331.0 0.0 0.005 0.0 0.0 0.0 2.0 3.0 0.0 0.0 0.49 0.0 13.0 3.0
19/04/23 03:23:30 5468.0 0.0 7983.0 0.0 331.0 0.0 0.0 0.0 0.0 0.0 0.0 3.0 0.0 0.0 0.57 0.0 13.0 3.0
19/04/23 03:23:40 5616.0 0.0 7983.0 0.0 185.0 0.0 0.0 0.0 1.29 0.0 0.0 3.0 0.0 0.0 0.64 0.0 12.0 3.0
19/04/23 03:23:50 5630.0 0.0 7983.0 0.0 180.0 0.0 0.0 -0.573 4.32 0.0 12.0 3.0 0.0 0.0 0.86 0.0 8.0 3.0
