gbeacon.game_service.free_memory_linux_monitor gbeacon.game_service.free_swap_linux_monitor gbeacon.game_service.total_memory_linux_monitor gbeacon.game_service.total_swap_linux_monitor gbeacon.game_service.used_memory_linux_monitor gbeacon.game_service.used_swap_linux_monitor gbeacon.game_service.uw_bandrx gbeacon.game_service.uw_bandtx gbeacon.game_service.uw_cpuused gbeacon.game_service.uw_diskioreads gbeacon.game_service.uw_diskiowrites gbeacon.game_service.uw_diskused gbeacon.game_service.uw_diskused_perc gbeacon.game_service.uw_httpconns gbeacon.game_service.uw_load gbeacon.game_service.uw_memused gbeacon.game_service.uw_tcpused gbeacon.game_service.uw_udpused
19/03/21 23:37:40 0.0 0.0 0.0 0.0 0.0 0.0 0.0 0.0 0.0 0.0 0.0 0.0 0.0 0.0 0.0 0.0 0.0 0.0
19/03/21 23:37:50 0.0 0.0 0.0 0.0 0.0 0.0 0.0 0.0 0.0 0.0 0.0 0.0 0.0 0.0 0.0 0.0 0.0 0.0
19/03/21 23:38:00 7120.0 0.0 7983.0 0.0 167.0 0.0 0.0 0.0 0.25 0.0 0.0 3.0 0.0 0.0 0.19 0.0 12.0 3.0
19/03/21 23:38:10 7119.0 0.0 7983.0 0.0 168.0 0.0 0.0 0.0 0.0 0.0 58.0 3.0 0.0 0.0 0.16 0.0 12.0 3.0
19/03/21 23:38:20 7120.0 0.0 7983.0 0.0 168.0 0.0 0.0 0.0 0.0 0.0 0.0 3.0 0.0 0.0 0.14 0.0 12.0 3.0
19/03/21 23:38:30 7119.0 0.0 7983.0 0.0 168.0 0.0 0.0 0.0 0.0 0.0 0.0 3.0 0.0 0.0 0.12 0.0 12.0 3.0
19/03/21 23:38:40 7119.0 0.0 7983.0 0.0 168.0 0.0 0.0 0.0 0.0 0.0 0.0 3.0 0.0 0.0 0.1 0.0 12.0 3.0
19/03/21 23:38:50 7119.0 0.0 7983.0 0.0 169.0 0.0 0.0 0.0 0.0 0.0 0.0 3.0 0.0 0.0 0.08 0.0 12.0 3.0
19/03/21 23:39:00 7119.0 0.0 7983.0 0.0 169.0 0.0 0.0 0.0 0.0 0.0 0.0 3.0 0.0 0.0 0.07 0.0 12.0 3.0
19/03/21 23:39:10 7119.0 0.0 7983.0 0.0 169.0 0.0 0.0 0.0 0.0 0.0 0.0 3.0 0.0 0.0 0.06 0.0 12.0 3.0
19/03/21 23:39:20 7119.0 0.0 7983.0 0.0 169.0 0.0 0.0 0.0 0.25 0.0 0.0 3.0 0.0 0.0 0.05 0.0 12.0 3.0
19/03/21 23:39:30 7119.0 0.0 7983.0 0.0 169.0 0.0 0.0 0.0 0.25 0.0 0.0 3.0 0.0 0.0 0.04 0.0 12.0 3.0
19/03/21 23:39:40 7119.0 0.0 7983.0 0.0 169.0 0.0 0.006 0.0 0.0 0.0 0.0 3.0 0.0 0.0 0.03 0.0 12.0 3.0
19/03/21 23:39:50 7118.0 0.0 7983.0 0.0 169.0 0.0 0.005 0.0 0.0 0.0 6.0 3.0 0.0 0.0 0.03 0.0 12.0 3.0
19/03/21 23:40:00 7119.0 0.0 7983.0 0.0 169.0 0.0 0.006 0.0 0.0 0.0 0.0 3.0 0.0 0.0 0.02 0.0 12.0 3.0
19/03/21 23:40:10 7119.0 0.0 7983.0 0.0 169.0 0.0 0.006 0.0 0.0 0.0 0.0 3.0 0.0 0.0 0.02 0.0 12.0 3.0
19/03/21 23:40:20 7119.0 0.0 7983.0 0.0 169.0 0.0 0.006 0.0 0.0 0.0 2.0 3.0 0.0 0.0 0.02 0.0 12.0 3.0
19/03/21 23:40:30 7118.0 0.0 7983.0 0.0 169.0 0.0 0.006 0.0 0.0 0.0 0.0 3.0 0.0 0.0 0.01 0.0 12.0 3.0
19/03/21 23:40:40 7118.0 0.0 7983.0 0.0 169.0 0.0 0.006 0.0 0.75 0.0 0.0 3.0 0.0 0.0 0.01 0.0 12.0 3.0
19/03/21 23:40:50 7119.0 0.0 7983.0 0.0 169.0 0.0 0.006 0.0 0.0 0.0 0.0 3.0 0.0 0.0 0.01 0.0 12.0 3.0
19/03/21 23:41:00 7119.0 0.0 7983.0 0.0 169.0 0.0 0.0 0.0 0.5 0.0 0.0 3.0 0.0 0.0 0.01 0.0 12.0 3.0
19/03/21 23:41:10 7118.0 0.0 7983.0 0.0 169.0 0.0 0.0 0.0 0.0 0.0 0.0 3.0 0.0 0.0 0.0 0.0 12.0 3.0
19/03/21 23:41:20 7110.0 0.0 7983.0 0.0 176.0 0.0 8.207 0.446 7.46 0.0 0.0 3.0 0.0 0.0 0.0 0.0 12.0 3.0
19/03/21 23:41:30 7109.0 0.0 7983.0 0.0 177.0 0.0 8.302 0.468 6.63 0.0 0.0 3.0 0.0 0.0 0.0 0.0 12.0 3.0
19/03/21 23:41:40 7109.0 0.0 7983.0 0.0 177.0 0.0 8.46 0.463 8.18 0.0 0.0 3.0 0.0 0.0 0.0 0.0 12.0 3.0
19/03/21 23:41:50 7108.0 0.0 7983.0 0.0 177.0 0.0 8.39 0.441 7.12 0.0 0.0 3.0 0.0 0.0 0.08 0.0 12.0 3.0
19/03/21 23:42:00 7109.0 0.0 7983.0 0.0 177.0 0.0 8.447 0.446 8.4 0.0 0.0 3.0 0.0 0.0 0.06 0.0 12.0 3.0
19/03/21 23:42:10 7108.0 0.0 7983.0 0.0 177.0 0.0 7.723 0.421 5.93 0.0 0.0 3.0 0.0 0.0 0.37 0.0 12.0 3.0
19/03/21 23:42:20 7108.0 0.0 7983.0 0.0 177.0 0.0 8.266 0.475 7.71 0.0 0.0 3.0 0.0 0.0 0.32 0.0 12.0 3.0
19/03/21 23:42:30 7109.0 0.0 7983.0 0.0 175.0 0.0 16.014 0.883 16.58 0.0 0.0 3.0 0.0 0.0 0.34 0.0 12.0 3.0
19/03/21 23:42:40 7108.0 0.0 7983.0 0.0 176.0 0.0 16.38 0.941 18.13 0.0 0.0 3.0 0.0 0.0 0.29 0.0 12.0 3.0
19/03/21 23:42:50 7107.0 0.0 7983.0 0.0 177.0 0.0 16.358 0.95 15.26 0.0 0.0 3.0 0.0 0.0 0.32 0.0 12.0 3.0
19/03/21 23:43:00 7107.0 0.0 7983.0 0.0 176.0 0.0 16.761 0.957 15.89 0.0 0.0 3.0 0.0 0.0 0.42 0.0 12.0 3.0
19/03/21 23:43:10 7105.0 0.0 7983.0 0.0 178.0 0.0 15.813 0.91 14.55 0.0 0.0 3.0 0.0 0.0 0.57 0.0 12.0 3.0
19/03/21 23:43:20 7104.0 0.0 7983.0 0.0 179.0 0.0 15.459 0.924 16.71 0.0 0.0 3.0 0.0 0.0 0.72 0.0 12.0 3.0
19/03/21 23:43:30 7104.0 0.0 7983.0 0.0 179.0 0.0 15.353 0.917 14.96 0.0 0.0 3.0 0.0 0.0 0.68 0.0 12.0 3.0
19/03/21 23:43:40 7104.0 0.0 7983.0 0.0 179.0 0.0 22.794 1.309 24.01 0.0 0.0 3.0 0.0 0.0 0.81 0.0 12.0 3.0
19/03/21 23:43:50 7103.0 0.0 7983.0 0.0 180.0 0.0 22.64 1.25 23.86 0.0 0.0 3.0 0.0 0.0 0.84 0.0 12.0 3.0
19/03/21 23:44:00 7103.0 0.0 7983.0 0.0 179.0 0.0 21.997 1.236 24.0 0.0 0.0 3.0 0.0 0.0 1.08 0.0 12.0 3.0
19/03/21 23:44:10 7100.0 0.0 7983.0 0.0 182.0 0.0 22.976 1.283 21.99 0.0 0.0 3.0 0.0 0.0 1.23 0.0 12.0 3.0
19/03/21 23:44:20 7099.0 0.0 7983.0 0.0 182.0 0.0 23.166 1.246 22.04 0.0 0.0 3.0 0.0 0.0 1.27 0.0 12.0 3.0
19/03/21 23:44:30 7099.0 0.0 7983.0 0.0 182.0 0.0 21.476 1.258 22.49 0.0 0.0 3.0 0.0 0.0 1.15 0.0 12.0 3.0
19/03/21 23:44:40 7098.0 0.0 7983.0 0.0 182.0 0.0 23.284 1.249 21.53 0.0 0.0 3.0 0.0 0.0 1.35 0.0 12.0 3.0
19/03/21 23:44:50 7102.0 0.0 7983.0 0.0 178.0 0.0 29.321 1.598 29.11 0.0 0.0 3.0 0.0 0.0 1.14 0.0 12.0 3.0
19/03/21 23:45:00 7103.0 0.0 7983.0 0.0 177.0 0.0 28.807 1.612 28.34 0.0 0.0 3.0 0.0 0.0 1.05 0.0 12.0 3.0
19/03/21 23:45:10 7102.0 0.0 7983.0 0.0 177.0 0.0 29.312 1.659 29.6 0.0 0.0 3.0 0.0 0.0 1.26 0.0 12.0 3.0
19/03/21 23:45:20 7101.0 0.0 7983.0 0.0 177.0 0.0 29.665 1.589 30.32 0.0 0.0 3.0 0.0 0.0 1.07 0.0 12.0 3.0
19/03/21 23:45:30 7101.0 0.0 7983.0 0.0 177.0 0.0 29.813 1.61 28.57 0.0 0.0 3.0 0.0 0.0 1.59 0.0 12.0 3.0
19/03/21 23:45:40 7100.0 0.0 7983.0 0.0 177.0 0.0 28.903 1.639 29.03 0.0 0.0 3.0 0.0 0.0 1.58 0.0 12.0 3.0
19/03/21 23:45:50 7100.0 0.0 7983.0 0.0 177.0 0.0 29.042 1.634 30.65 0.0 0.0 3.0 0.0 0.0 1.57 0.0 12.0 3.0
19/03/21 23:46:00 7092.0 0.0 7983.0 0.0 184.0 0.0 35.091 1.888 38.5 0.0 0.0 3.0 0.0 0.0 1.65 0.0 12.0 3.0
19/03/21 23:46:10 7087.0 0.0 7983.0 0.0 188.0 0.0 32.686 1.683 35.28 0.0 0.0 3.0 0.0 0.0 1.63 0.0 12.0 3.0
19/03/21 23:46:20 7087.0 0.0 7983.0 0.0 188.0 0.0 34.764 1.86 33.51 0.0 0.0 3.0 0.0 0.0 2.15 0.0 12.0 3.0
19/03/21 23:46:30 7087.0 0.0 7983.0 0.0 188.0 0.0 32.937 1.793 35.34 0.0 0.0 3.0 0.0 0.0 1.9 0.0 12.0 3.0
19/03/21 23:46:40 7086.0 0.0 7983.0 0.0 188.0 0.0 32.003 1.944 34.42 0.0 0.0 3.0 0.0 0.0 1.92 0.0 12.0 3.0
19/03/21 23:46:50 7085.0 0.0 7983.0 0.0 188.0 0.0 34.554 1.925 33.95 0.0 0.0 3.0 0.0 0.0 1.93 0.0 12.0 3.0
19/03/21 23:47:00 7083.0 0.0 7983.0 0.0 191.0 0.0 32.657 1.855 33.69 0.0 0.0 3.0 0.0 0.0 2.03 0.0 12.0 3.0
19/03/21 23:47:10 7081.0 0.0 7983.0 0.0 192.0 0.0 36.706 1.966 34.78 0.0 4.0 3.0 0.0 0.0 2.1 0.0 12.0 3.0
19/03/21 23:47:20 7080.0 0.0 7983.0 0.0 192.0 0.0 34.707 1.917 36.39 0.0 4.0 3.0 0.0 0.0 2.24 0.0 12.0 3.0
19/03/21 23:47:30 7079.0 0.0 7983.0 0.0 192.0 0.0 36.119 2.085 36.1 0.0 4.0 3.0 0.0 0.0 2.06 0.0 12.0 3.0
19/03/21 23:47:40 7079.0 0.0 7983.0 0.0 192.0 0.0 37.397 1.954 35.62 0.0 4.0 3.0 0.0 0.0 1.81 0.0 12.0 3.0
19/03/21 23:47:50 7079.0 0.0 7983.0 0.0 192.0 0.0 35.61 1.966 36.73 0.0 4.0 3.0 0.0 0.0 1.68 0.0 12.0 3.0
19/03/21 23:48:00 7078.0 0.0 7983.0 0.0 192.0 0.0 34.796 1.971 37.83 0.0 0.0 3.0 0.0 0.0 2.2 0.0 12.0 3.0
19/03/21 23:48:10 7077.0 0.0 7983.0 0.0 192.0 0.0 35.993 1.959 36.39 0.0 0.0 3.0 0.0 0.0 2.32 0.0 12.0 3.0
19/03/21 23:48:20 7075.0 0.0 7983.0 0.0 194.0 0.0 38.09 2.049 40.59 0.0 0.0 3.0 0.0 0.0 2.12 0.0 12.0 3.0
19/03/21 23:48:30 7075.0 0.0 7983.0 0.0 194.0 0.0 35.53 2.015 37.76 0.0 0.0 3.0 0.0 0.0 2.09 0.0 12.0 3.0
19/03/21 23:48:40 7073.0 0.0 7983.0 0.0 194.0 0.0 37.864 2.042 39.63 0.0 0.0 3.0 0.0 0.0 2.31 0.0 12.0 3.0
19/03/21 23:48:50 7072.0 0.0 7983.0 0.0 195.0 0.0 40.112 2.125 37.2 0.0 0.0 3.0 0.0 0.0 2.42 0.0 12.0 3.0
19/03/21 23:49:00 7072.0 0.0 7983.0 0.0 195.0 0.0 40.218 2.153 36.6 0.0 0.0 3.0 0.0 0.0 2.59 0.0 12.0 3.0
19/03/21 23:49:10 7071.0 0.0 7983.0 0.0 195.0 0.0 40.674 2.146 36.7 0.0 0.0 3.0 0.0 0.0 2.65 0.0 12.0 3.0
19/03/21 23:49:20 7073.0 0.0 7983.0 0.0 193.0 0.0 41.625 2.264 38.65 0.0 0.0 3.0 0.0 0.0 2.48 0.0 12.0 3.0
19/03/21 23:49:30 7070.0 0.0 7983.0 0.0 195.0 0.0 37.981 1.986 40.7 0.0 0.0 3.0 0.0 0.0 2.72 0.0 12.0 3.0
19/03/21 23:49:40 7070.0 0.0 7983.0 0.0 195.0 0.0 40.308 2.004 37.97 0.0 0.0 3.0 0.0 0.0 2.9 0.0 12.0 3.0
19/03/21 23:49:50 7070.0 0.0 7983.0 0.0 195.0 0.0 40.387 2.269 39.79 0.0 0.0 3.0 0.0 0.0 3.06 0.0 12.0 3.0
19/03/21 23:50:00 7069.0 0.0 7983.0 0.0 195.0 0.0 39.409 2.186 40.76 0.0 0.0 3.0 0.0 0.0 3.14 0.0 12.0 3.0
19/03/21 23:50:10 7068.0 0.0 7983.0 0.0 195.0 0.0 37.804 1.971 36.81 0.0 0.0 3.0 0.0 0.0 3.05 0.0 12.0 3.0
19/03/21 23:50:20 7067.0 0.0 7983.0 0.0 195.0 0.0 38.077 2.075 39.89 0.0 0.0 3.0 0.0 0.0 2.88 0.0 12.0 3.0
19/03/21 23:50:30 7067.0 0.0 7983.0 0.0 195.0 0.0 39.666 2.165 36.1 0.0 0.0 3.0 0.0 0.0 2.68 0.0 12.0 3.0
19/03/21 23:50:40 7066.0 0.0 7983.0 0.0 196.0 0.0 39.927 2.086 35.95 0.0 0.0 3.0 0.0 0.0 2.57 0.0 12.0 3.0
19/03/21 23:50:50 7065.0 0.0 7983.0 0.0 196.0 0.0 40.204 1.995 39.89 0.0 0.0 3.0 0.0 0.0 2.48 0.0 12.0 3.0
19/03/21 23:51:00 7065.0 0.0 7983.0 0.0 195.0 0.0 40.987 2.073 38.63 0.0 0.0 3.0 0.0 0.0 2.71 0.0 12.0 3.0
19/03/21 23:51:10 7064.0 0.0 7983.0 0.0 196.0 0.0 38.222 2.006 34.06 0.0 0.0 3.0 0.0 0.0 2.44 0.0 12.0 3.0
19/03/21 23:51:20 7064.0 0.0 7983.0 0.0 195.0 0.0 36.338 1.84 36.9 0.0 0.0 3.0 0.0 0.0 2.36 0.0 12.0 3.0
19/03/21 23:51:30 7063.0 0.0 7983.0 0.0 196.0 0.0 44.38 2.251 40.05 0.0 0.0 3.0 0.0 0.0 2.23 0.0 12.0 3.0
19/03/21 23:51:40 7062.0 0.0 7983.0 0.0 196.0 0.0 41.705 2.115 42.32 0.0 0.0 3.0 0.0 0.0 2.49 0.0 12.0 3.0
19/03/21 23:51:50 7062.0 0.0 7983.0 0.0 196.0 0.0 42.047 2.251 41.53 0.0 0.0 3.0 0.0 0.0 2.58 0.0 12.0 3.0
19/03/21 23:52:00 7061.0 0.0 7983.0 0.0 196.0 0.0 42.888 2.241 45.14 0.0 2.0 3.0 0.0 0.0 2.33 0.0 12.0 3.0
19/03/21 23:52:10 7060.0 0.0 7983.0 0.0 196.0 0.0 43.999 2.376 41.91 0.0 4.0 3.0 0.0 0.0 2.06 0.0 12.0 3.0
19/03/21 23:52:20 7059.0 0.0 7983.0 0.0 196.0 0.0 40.978 2.148 43.63 0.0 4.0 3.0 0.0 0.0 2.28 0.0 12.0 3.0
19/03/21 23:52:30 7059.0 0.0 7983.0 0.0 197.0 0.0 43.137 2.333 41.37 0.0 4.0 3.0 0.0 0.0 2.48 0.0 12.0 3.0
19/03/21 23:52:40 7059.0 0.0 7983.0 0.0 196.0 0.0 38.662 2.105 42.22 0.0 4.0 3.0 0.0 0.0 2.71 0.0 12.0 3.0
19/03/21 23:52:50 7058.0 0.0 7983.0 0.0 196.0 0.0 44.731 2.277 44.32 0.0 34.0 3.0 0.0 0.0 2.68 0.0 12.0 3.0
19/03/21 23:53:00 7058.0 0.0 7983.0 0.0 196.0 0.0 44.643 2.456 44.68 0.0 4.0 3.0 0.0 0.0 2.49 0.0 12.0 3.0
19/03/21 23:53:10 7055.0 0.0 7983.0 0.0 198.0 0.0 44.502 2.327 45.82 0.0 4.0 3.0 0.0 0.0 2.33 0.0 12.0 3.0
19/03/21 23:53:20 7054.0 0.0 7983.0 0.0 198.0 0.0 44.93 2.463 48.27 0.0 16.0 3.0 0.0 0.0 2.28 0.0 12.0 3.0
19/03/21 23:53:30 7054.0 0.0 7983.0 0.0 198.0 0.0 44.874 2.448 45.45 0.0 4.0 3.0 0.0 0.0 2.08 0.0 12.0 3.0
19/03/21 23:53:40 7053.0 0.0 7983.0 0.0 198.0 0.0 45.718 2.402 45.93 0.0 4.0 3.0 0.0 0.0 2.07 0.0 12.0 3.0
19/03/21 23:53:50 7052.0 0.0 7983.0 0.0 198.0 0.0 46.109 2.227 43.17 0.0 12.0 3.0 0.0 0.0 2.37 0.0 12.0 3.0
19/03/21 23:54:00 7052.0 0.0 7983.0 0.0 198.0 0.0 47.426 2.419 47.06 0.0 0.0 3.0 0.0 0.0 2.23 0.0 12.0 3.0
19/03/21 23:54:10 7051.0 0.0 7983.0 0.0 198.0 0.0 46.171 2.486 47.73 0.0 0.0 3.0 0.0 0.0 2.04 0.0 12.0 3.0
19/03/21 23:54:20 7051.0 0.0 7983.0 0.0 198.0 0.0 45.183 2.449 47.62 0.0 10.0 3.0 0.0 0.0 2.19 0.0 12.0 3.0
19/03/21 23:54:30 7049.0 0.0 7983.0 0.0 198.0 0.0 48.851 2.521 44.89 0.0 8.0 3.0 0.0 0.0 2.31 0.0 12.0 3.0
19/03/21 23:54:40 7049.0 0.0 7983.0 0.0 199.0 0.0 47.146 2.458 48.65 0.0 0.0 3.0 0.0 0.0 2.57 0.0 12.0 3.0
19/03/21 23:54:50 7048.0 0.0 7983.0 0.0 198.0 0.0 49.113 2.433 47.87 0.0 8.0 3.0 0.0 0.0 2.4 0.0 12.0 3.0
19/03/21 23:55:00 7048.0 0.0 7983.0 0.0 198.0 0.0 44.925 2.49 46.77 0.0 0.0 3.0 0.0 0.0 2.27 0.0 12.0 3.0
19/03/21 23:55:10 7046.0 0.0 7983.0 0.0 199.0 0.0 47.003 2.459 49.05 0.0 0.0 3.0 0.0 0.0 2.29 0.0 12.0 3.0
19/03/21 23:55:20 7046.0 0.0 7983.0 0.0 198.0 0.0 46.401 2.567 44.6 0.0 0.0 3.0 0.0 0.0 2.56 0.0 12.0 3.0
19/03/21 23:55:30 7045.0 0.0 7983.0 0.0 199.0 0.0 51.502 2.539 45.99 0.0 0.0 3.0 0.0 0.0 2.63 0.0 12.0 3.0
19/03/21 23:55:40 7045.0 0.0 7983.0 0.0 199.0 0.0 47.905 2.505 46.45 0.0 0.0 3.0 0.0 0.0 2.37 0.0 12.0 3.0
19/03/21 23:55:50 7044.0 0.0 7983.0 0.0 198.0 0.0 46.327 2.396 46.78 0.0 0.0 3.0 0.0 0.0 2.25 0.0 12.0 3.0
19/03/21 23:56:00 7043.0 0.0 7983.0 0.0 199.0 0.0 48.111 2.435 47.44 0.0 0.0 3.0 0.0 0.0 2.45 0.0 12.0 3.0
19/03/21 23:56:10 7042.0 0.0 7983.0 0.0 199.0 0.0 45.576 2.361 47.3 0.0 0.0 3.0 0.0 0.0 2.68 0.0 12.0 3.0
19/03/21 23:56:20 7041.0 0.0 7983.0 0.0 200.0 0.0 46.957 2.606 44.38 0.0 10.0 3.0 0.0 0.0 2.51 0.0 12.0 3.0
19/03/21 23:56:30 7040.0 0.0 7983.0 0.0 200.0 0.0 49.184 2.522 46.49 0.0 4.0 3.0 0.0 0.0 2.5 0.0 12.0 3.0
19/03/21 23:56:40 7040.0 0.0 7983.0 0.0 199.0 0.0 49.694 2.462 48.0 0.0 4.0 3.0 0.0 0.0 2.49 0.0 12.0 3.0
19/03/21 23:56:50 7039.0 0.0 7983.0 0.0 199.0 0.0 48.435 2.428 45.41 0.0 6.0 3.0 0.0 0.0 2.56 0.0 12.0 3.0
19/03/21 23:57:00 7038.0 0.0 7983.0 0.0 200.0 0.0 48.69 2.47 45.98 0.0 4.0 3.0 0.0 0.0 2.56 0.0 12.0 3.0
19/03/21 23:57:10 7038.0 0.0 7983.0 0.0 200.0 0.0 47.698 2.289 46.72 0.0 4.0 3.0 0.0 0.0 2.72 0.0 12.0 3.0
19/03/21 23:57:20 7036.0 0.0 7983.0 0.0 201.0 0.0 45.119 2.217 44.96 0.0 6.0 3.0 0.0 0.0 2.59 0.0 12.0 3.0
19/03/21 23:57:30 7035.0 0.0 7983.0 0.0 201.0 0.0 50.098 2.576 45.43 0.0 4.0 3.0 0.0 0.0 3.1 0.0 12.0 3.0
19/03/21 23:57:40 7035.0 0.0 7983.0 0.0 201.0 0.0 50.562 2.545 47.84 0.0 4.0 3.0 0.0 0.0 2.99 0.0 12.0 3.0
19/03/21 23:57:50 7034.0 0.0 7983.0 0.0 200.0 0.0 51.083 2.599 47.85 0.0 6.0 3.0 0.0 0.0 2.76 0.0 12.0 3.0
19/03/21 23:58:00 7033.0 0.0 7983.0 0.0 201.0 0.0 50.989 2.705 49.33 0.0 0.0 4.0 0.0 0.0 2.97 0.0 12.0 3.0
19/03/21 23:58:10 7033.0 0.0 7983.0 0.0 200.0 0.0 51.157 2.583 47.87 0.0 0.0 4.0 0.0 0.0 2.98 0.0 12.0 3.0
19/03/21 23:58:20 7032.0 0.0 7983.0 0.0 201.0 0.0 48.918 2.486 42.78 0.0 0.0 4.0 0.0 0.0 3.06 0.0 12.0 3.0
19/03/21 23:58:30 7031.0 0.0 7983.0 0.0 201.0 0.0 51.985 2.682 45.28 0.0 0.0 4.0 0.0 0.0 2.66 0.0 12.0 3.0
19/03/21 23:58:40 7030.0 0.0 7983.0 0.0 201.0 0.0 50.649 2.596 48.93 0.0 0.0 4.0 0.0 0.0 2.79 0.0 12.0 3.0
19/03/21 23:58:50 7029.0 0.0 7983.0 0.0 202.0 0.0 54.473 2.632 45.68 0.0 0.0 4.0 0.0 0.0 2.75 0.0 12.0 3.0
19/03/21 23:59:00 7028.0 0.0 7983.0 0.0 202.0 0.0 51.606 2.638 47.81 0.0 0.0 4.0 0.0 0.0 2.64 0.0 12.0 3.0
19/03/21 23:59:10 7026.0 0.0 7983.0 0.0 203.0 0.0 52.23 2.604 45.11 0.0 0.0 4.0 0.0 0.0 2.55 0.0 12.0 3.0
19/03/21 23:59:20 7026.0 0.0 7983.0 0.0 202.0 0.0 49.879 2.477 48.48 0.0 0.0 4.0 0.0 0.0 2.23 0.0 12.0 3.0
19/03/21 23:59:30 7025.0 0.0 7983.0 0.0 203.0 0.0 49.353 2.552 46.34 0.0 0.0 4.0 0.0 0.0 1.96 0.0 12.0 3.0
19/03/21 23:59:40 7024.0 0.0 7983.0 0.0 203.0 0.0 51.221 2.753 50.27 0.0 0.0 4.0 0.0 0.0 1.96 0.0 12.0 3.0
19/03/21 23:59:50 7023.0 0.0 7983.0 0.0 203.0 0.0 51.596 2.546 50.0 0.0 0.0 4.0 0.0 0.0 2.03 0.0 12.0 3.0
19/03/22 00:00:00 7023.0 0.0 7983.0 0.0 203.0 0.0 50.012 2.543 50.93 0.0 0.0 4.0 0.0 0.0 2.18 0.0 12.0 3.0
19/03/22 00:00:10 7022.0 0.0 7983.0 0.0 203.0 0.0 52.527 2.506 52.0 0.0 0.0 4.0 0.0 0.0 1.93 0.0 12.0 3.0
19/03/22 00:00:20 7022.0 0.0 7983.0 0.0 203.0 0.0 51.369 2.572 50.27 0.0 0.0 4.0 0.0 0.0 2.4 0.0 12.0 3.0
19/03/22 00:00:30 7021.0 0.0 7983.0 0.0 203.0 0.0 54.807 2.731 46.22 0.0 0.0 4.0 0.0 0.0 2.72 0.0 12.0 3.0
19/03/22 00:00:40 7020.0 0.0 7983.0 0.0 203.0 0.0 53.516 2.694 47.88 0.0 0.0 4.0 0.0 0.0 2.68 0.0 12.0 3.0
19/03/22 00:00:50 7020.0 0.0 7983.0 0.0 203.0 0.0 54.906 2.686 50.14 0.0 0.0 4.0 0.0 0.0 2.58 0.0 12.0 3.0
19/03/22 00:01:00 7019.0 0.0 7983.0 0.0 203.0 0.0 53.253 2.707 47.55 0.0 0.0 4.0 0.0 0.0 2.95 0.0 12.0 3.0
19/03/22 00:01:10 7019.0 0.0 7983.0 0.0 203.0 0.0 53.47 2.443 48.54 0.0 0.0 4.0 0.0 0.0 3.11 0.0 12.0 3.0
19/03/22 00:01:20 7018.0 0.0 7983.0 0.0 203.0 0.0 54.112 2.709 50.81 0.0 0.0 4.0 0.0 0.0 2.95 0.0 12.0 3.0
19/03/22 00:01:30 7017.0 0.0 7983.0 0.0 203.0 0.0 55.387 2.793 47.15 0.0 0.0 4.0 0.0 0.0 2.65 0.0 12.0 3.0
19/03/22 00:01:40 7016.0 0.0 7983.0 0.0 203.0 0.0 51.271 2.653 48.21 0.0 0.0 4.0 0.0 0.0 2.62 0.0 12.0 3.0
19/03/22 00:01:50 7015.0 0.0 7983.0 0.0 203.0 0.0 48.361 2.47 48.11 0.0 0.0 4.0 0.0 0.0 2.76 0.0 12.0 3.0
19/03/22 00:02:00 7014.0 0.0 7983.0 0.0 203.0 0.0 52.082 2.709 50.27 0.0 0.0 4.0 0.0 0.0 2.5 0.0 12.0 3.0
19/03/22 00:02:10 7014.0 0.0 7983.0 0.0 203.0 0.0 52.018 2.605 48.36 0.0 0.0 4.0 0.0 0.0 2.42 0.0 12.0 3.0
19/03/22 00:02:20 7013.0 0.0 7983.0 0.0 203.0 0.0 53.652 2.58 50.14 0.0 2.0 4.0 0.0 0.0 2.67 0.0 12.0 3.0
19/03/22 00:02:30 7013.0 0.0 7983.0 0.0 203.0 0.0 52.416 2.749 50.41 0.0 4.0 4.0 0.0 0.0 2.66 0.0 12.0 3.0
19/03/22 00:02:40 7012.0 0.0 7983.0 0.0 203.0 0.0 51.376 2.684 50.95 0.0 6.0 4.0 0.0 0.0 2.71 0.0 12.0 3.0
19/03/22 00:02:50 7011.0 0.0 7983.0 0.0 203.0 0.0 53.567 2.607 49.32 0.0 4.0 4.0 0.0 0.0 2.45 0.0 12.0 3.0
19/03/22 00:03:00 7011.0 0.0 7983.0 0.0 203.0 0.0 52.456 2.4 49.72 0.0 4.0 4.0 0.0 0.0 2.4 0.0 12.0 3.0
19/03/22 00:03:10 7010.0 0.0 7983.0 0.0 203.0 0.0 51.355 2.471 50.68 0.0 6.0 4.0 0.0 0.0 2.03 0.0 12.0 3.0
19/03/22 00:03:20 7009.0 0.0 7983.0 0.0 203.0 0.0 50.96 2.607 50.94 0.0 4.0 4.0 0.0 0.0 2.09 0.0 12.0 3.0
19/03/22 00:03:30 7009.0 0.0 7983.0 0.0 203.0 0.0 56.264 2.781 45.75 0.0 4.0 4.0 0.0 0.0 2.23 0.0 12.0 3.0
19/03/22 00:03:40 7008.0 0.0 7983.0 0.0 203.0 0.0 53.429 2.756 50.13 0.0 6.0 4.0 0.0 0.0 1.96 0.0 12.0 3.0
19/03/22 00:03:50 7008.0 0.0 7983.0 0.0 203.0 0.0 51.577 2.497 47.06 0.0 4.0 4.0 0.0 0.0 1.98 0.0 12.0 3.0
19/03/22 00:04:00 7008.0 0.0 7983.0 0.0 203.0 0.0 0.0 0.0 0.75 0.0 0.0 4.0 0.0 0.0 1.97 0.0 12.0 3.0
19/03/22 00:04:10 7007.0 0.0 7983.0 0.0 203.0 0.0 0.0 0.0 0.0 0.0 0.0 4.0 0.0 0.0 1.67 0.0 12.0 3.0
19/03/22 00:04:20 7007.0 0.0 7983.0 0.0 203.0 0.0 0.0 0.0 1.25 0.0 0.0 4.0 0.0 0.0 1.41 0.0 12.0 3.0
19/03/22 00:04:30 7007.0 0.0 7983.0 0.0 203.0 0.0 0.0 0.0 0.25 0.0 0.0 4.0 0.0 0.0 1.19 0.0 12.0 3.0
19/03/22 00:04:40 7007.0 0.0 7983.0 0.0 203.0 0.0 0.0 0.0 0.76 0.0 0.0 4.0 0.0 0.0 1.01 0.0 12.0 3.0
19/03/22 00:04:50 7007.0 0.0 7983.0 0.0 203.0 0.0 0.0 0.0 0.0 0.0 0.0 4.0 0.0 0.0 0.85 0.0 12.0 3.0
19/03/22 00:05:00 7007.0 0.0 7983.0 0.0 204.0 0.0 0.0 0.0 0.75 0.0 0.0 4.0 0.0 0.0 0.72 0.0 12.0 3.0
19/03/22 00:05:10 7006.0 0.0 7983.0 0.0 204.0 0.0 0.0 0.0 0.25 0.0 0.0 4.0 0.0 0.0 0.61 0.0 12.0 3.0
19/03/22 00:05:20 7007.0 0.0 7983.0 0.0 203.0 0.0 0.0 0.0 0.5 0.0 0.0 4.0 0.0 0.0 0.52 0.0 12.0 3.0
19/03/22 00:05:30 7007.0 0.0 7983.0 0.0 203.0 0.0 0.0 0.0 0.25 0.0 0.0 4.0 0.0 0.0 0.44 0.0 12.0 3.0
19/03/22 00:05:40 7007.0 0.0 7983.0 0.0 203.0 0.0 0.0 0.0 0.5 0.0 0.0 4.0 0.0 0.0 0.37 0.0 12.0 3.0
19/03/22 00:05:50 7007.0 0.0 7983.0 0.0 203.0 0.0 0.0 0.0 0.0 0.0 0.0 4.0 0.0 0.0 0.31 0.0 12.0 3.0
19/03/22 00:06:00 7007.0 0.0 7983.0 0.0 203.0 0.0 0.0 0.0 1.24 0.0 0.0 4.0 0.0 0.0 0.26 0.0 12.0 3.0
19/03/22 00:06:10 7008.0 0.0 7983.0 0.0 203.0 0.0 0.0 0.0 0.0 0.0 0.0 4.0 0.0 0.0 0.22 0.0 12.0 3.0
19/03/22 00:06:20 7008.0 0.0 7983.0 0.0 203.0 0.0 0.0 0.0 0.5 0.0 0.0 4.0 0.0 0.0 0.19 0.0 12.0 3.0
19/03/22 00:06:30 7008.0 0.0 7983.0 0.0 203.0 0.0 0.0 0.0 0.0 0.0 0.0 4.0 0.0 0.0 0.16 0.0 12.0 3.0
19/03/22 00:06:40 7008.0 0.0 7983.0 0.0 203.0 0.0 0.0 0.0 0.25 0.0 0.0 4.0 0.0 0.0 0.13 0.0 12.0 3.0
19/03/22 00:06:50 7007.0 0.0 7983.0 0.0 203.0 0.0 0.0 0.0 0.0 0.0 0.0 4.0 0.0 0.0 0.11 0.0 12.0 3.0
19/03/22 00:07:00 7007.0 0.0 7983.0 0.0 203.0 0.0 0.0 0.0 0.0 0.0 0.0 4.0 0.0 0.0 0.1 0.0 12.0 3.0
19/03/22 00:07:10 7007.0 0.0 7983.0 0.0 203.0 0.0 0.0 0.0 0.0 0.0 0.0 4.0 0.0 0.0 0.16 0.0 12.0 3.0
19/03/22 00:07:20 7007.0 0.0 7983.0 0.0 203.0 0.0 0.0 0.0 0.0 0.0 0.0 4.0 0.0 0.0 0.14 0.0 12.0 3.0
19/03/22 00:07:30 7008.0 0.0 7983.0 0.0 202.0 0.0 0.0 0.0 0.0 0.0 0.0 4.0 0.0 0.0 0.11 0.0 12.0 3.0
19/03/22 00:07:40 7008.0 0.0 7983.0 0.0 203.0 0.0 0.0 0.0 0.0 0.0 0.0 4.0 0.0 0.0 0.1 0.0 12.0 3.0
19/03/22 00:07:50 6978.0 0.0 7983.0 0.0 232.0 0.0 9.728 0.506 9.51 0.0 0.0 4.0 0.0 0.0 0.08 0.0 12.0 3.0
19/03/22 00:08:00 6907.0 0.0 7983.0 0.0 303.0 0.0 9.253 0.484 15.42 0.0 0.0 4.0 0.0 0.0 0.07 0.0 12.0 3.0
19/03/22 00:08:10 6829.0 0.0 7983.0 0.0 380.0 0.0 9.361 0.478 19.18 0.0 0.0 4.0 0.0 0.0 0.13 0.0 12.0 3.0
19/03/22 00:08:20 6753.0 0.0 7983.0 0.0 456.0 0.0 8.698 0.458 24.49 0.0 0.0 4.0 0.0 0.0 0.11 0.0 12.0 3.0
19/03/22 00:08:30 6692.0 0.0 7983.0 0.0 518.0 0.0 9.087 0.473 23.86 0.0 0.0 4.0 0.0 0.0 0.09 0.0 12.0 3.0
19/03/22 00:08:40 6632.0 0.0 7983.0 0.0 577.0 0.0 8.487 0.444 28.28 0.0 0.0 4.0 0.0 0.0 0.08 0.0 12.0 3.0
19/03/22 00:08:50 6561.0 0.0 7983.0 0.0 647.0 0.0 8.639 0.478 31.2 0.0 0.0 4.0 0.0 0.0 0.43 0.0 12.0 3.0
19/03/22 00:09:00 6474.0 0.0 7983.0 0.0 735.0 0.0 14.806 0.724 50.25 0.0 0.0 4.0 0.0 0.0 0.76 0.0 12.0 3.0
19/03/22 00:09:10 6373.0 0.0 7983.0 0.0 836.0 0.0 14.524 0.738 56.7 0.0 0.0 4.0 0.0 0.0 1.02 0.0 12.0 3.0
19/03/22 00:09:20 6270.0 0.0 7983.0 0.0 938.0 0.0 14.077 0.711 56.44 0.0 0.0 4.0 0.0 0.0 1.48 0.0 12.0 3.0
19/03/22 00:09:30 6159.0 0.0 7983.0 0.0 1050.0 0.0 15.24 0.729 54.9 0.0 0.0 4.0 0.0 0.0 1.79 0.0 12.0 3.0
19/03/22 00:09:40 6043.0 0.0 7983.0 0.0 1165.0 0.0 13.894 0.627 66.58 0.0 0.0 4.0 0.0 0.0 2.13 0.0 12.0 3.0
19/03/22 00:09:50 5927.0 0.0 7983.0 0.0 1280.0 0.0 13.308 0.717 65.74 0.0 0.0 4.0 0.0 0.0 2.09 0.0 12.0 3.0
19/03/22 00:10:00 5833.0 0.0 7983.0 0.0 1375.0 0.0 13.591 0.719 66.58 0.0 0.0 4.0 0.0 0.0 2.55 0.0 12.0 3.0
19/03/22 00:10:10 5684.0 0.0 7983.0 0.0 1523.0 0.0 18.867 0.881 82.74 0.0 0.0 4.0 0.0 0.0 2.77 0.0 12.0 3.0
19/03/22 00:10:20 5536.0 0.0 7983.0 0.0 1672.0 0.0 17.551 0.931 82.1 0.0 0.0 4.0 0.0 0.0 2.96 0.0 12.0 3.0
19/03/22 00:10:30 5402.0 0.0 7983.0 0.0 1805.0 0.0 18.496 0.959 87.12 0.0 0.0 4.0 0.0 0.0 2.95 0.0 12.0 3.0
19/03/22 00:10:40 5282.0 0.0 7983.0 0.0 1925.0 0.0 17.309 0.866 88.3 0.0 4.0 4.0 0.0 0.0 2.79 0.0 12.0 3.0
19/03/22 00:10:50 5157.0 0.0 7983.0 0.0 2050.0 0.0 16.178 0.963 87.98 0.0 4.0 4.0 0.0 0.0 2.98 0.0 12.0 3.0
19/03/22 00:11:00 5002.0 0.0 7983.0 0.0 2204.0 0.0 18.649 0.875 88.78 0.0 4.0 4.0 0.0 0.0 3.14 0.0 12.0 3.0
19/03/22 00:11:10 4864.0 0.0 7983.0 0.0 2342.0 0.0 17.405 0.901 89.8 0.0 4.0 4.0 0.0 0.0 3.27 0.0 12.0 3.0
19/03/22 00:11:20 4686.0 0.0 7983.0 0.0 2520.0 0.0 24.306 0.888 96.43 0.0 4.0 4.0 0.0 0.0 3.53 0.0 12.0 3.0
19/03/22 00:11:30 4521.0 0.0 7983.0 0.0 2685.0 0.0 19.048 1.008 96.71 0.0 4.0 4.0 0.0 0.0 3.6 0.0 12.0 3.0
19/03/22 00:11:40 4370.0 0.0 7983.0 0.0 2836.0 0.0 19.039 1.029 97.97 0.0 4.0 4.0 0.0 0.0 3.74 0.0 12.0 3.0
19/03/22 00:11:50 4226.0 0.0 7983.0 0.0 2979.0 0.0 20.13 0.989 98.23 0.0 4.0 4.0 0.0 0.0 3.78 0.0 12.0 3.0
19/03/22 00:12:00 4081.0 0.0 7983.0 0.0 3124.0 0.0 14.947 0.927 97.96 0.0 4.0 4.0 0.0 0.0 3.82 0.0 12.0 3.0
19/03/22 00:12:10 3955.0 0.0 7983.0 0.0 3249.0 0.0 18.112 0.867 97.72 0.0 4.0 4.0 0.0 0.0 3.99 0.0 12.0 3.0
19/03/22 00:12:20 3886.0 0.0 7983.0 0.0 3318.0 0.0 18.929 0.83 97.71 0.0 4.0 4.0 0.0 0.0 3.99 0.0 12.0 3.0
19/03/22 00:12:30 3768.0 0.0 7983.0 0.0 3435.0 0.0 16.228 0.831 97.46 0.0 4.0 4.0 0.0 0.0 3.83 0.0 12.0 3.0
19/03/22 00:12:40 3621.0 0.0 7983.0 0.0 3583.0 0.0 17.064 0.899 98.48 0.0 4.0 4.0 0.0 0.0 3.86 0.0 12.0 3.0
19/03/22 00:12:50 3489.0 0.0 7983.0 0.0 3715.0 0.0 16.409 0.895 98.98 0.0 4.0 4.0 0.0 0.0 3.88 0.0 12.0 3.0
19/03/22 00:13:00 3364.0 0.0 7983.0 0.0 3839.0 0.0 16.134 0.878 98.2 0.0 0.0 4.0 0.0 0.0 3.9 0.0 12.0 3.0
19/03/22 00:13:10 3232.0 0.0 7983.0 0.0 3972.0 0.0 14.675 0.882 98.23 0.0 0.0 4.0 0.0 0.0 3.92 0.0 12.0 3.0
19/03/22 00:13:20 3121.0 0.0 7983.0 0.0 4081.0 0.0 14.629 0.736 98.72 0.0 4.0 4.0 0.0 0.0 3.93 0.0 12.0 3.0
19/03/22 00:13:30 2993.0 0.0 7983.0 0.0 4210.0 0.0 14.562 0.935 98.73 0.0 0.0 4.0 0.0 0.0 3.94 0.0 12.0 3.0
19/03/22 00:13:40 2871.0 0.0 7983.0 0.0 4332.0 0.0 18.976 0.665 98.99 0.0 0.0 4.0 0.0 0.0 4.02 0.0 12.0 3.0
19/03/22 00:13:50 2754.0 0.0 7983.0 0.0 4449.0 0.0 15.808 0.665 98.21 0.0 4.0 4.0 0.0 0.0 4.02 0.0 12.0 3.0
19/03/22 00:14:00 2635.0 0.0 7983.0 0.0 4567.0 0.0 15.437 0.93 98.99 0.0 0.0 4.0 0.0 0.0 4.02 0.0 12.0 3.0
19/03/22 00:14:10 2523.0 0.0 7983.0 0.0 4679.0 0.0 13.032 1.025 99.24 0.0 0.0 4.0 0.0 0.0 4.01 0.0 12.0 3.0
19/03/22 00:14:20 2411.0 0.0 7983.0 0.0 4791.0 0.0 14.763 0.85 98.21 0.0 0.0 4.0 0.0 0.0 4.01 0.0 12.0 3.0
19/03/22 00:14:30 2298.0 0.0 7983.0 0.0 4903.0 0.0 17.026 0.63 98.99 0.0 0.0 4.0 0.0 0.0 4.01 0.0 12.0 3.0
19/03/22 00:14:40 2203.0 0.0 7983.0 0.0 4998.0 0.0 19.25 0.658 98.49 0.0 0.0 4.0 0.0 0.0 4.09 0.0 12.0 3.0
19/03/22 00:14:50 2101.0 0.0 7983.0 0.0 5100.0 0.0 18.572 0.471 98.73 0.0 0.0 4.0 0.0 0.0 4.07 0.0 12.0 3.0
19/03/22 00:15:00 1977.0 0.0 7983.0 0.0 5224.0 0.0 19.963 0.792 99.75 0.0 0.0 4.0 0.0 0.0 4.06 0.0 12.0 3.0
19/03/22 00:15:10 1870.0 0.0 7983.0 0.0 5331.0 0.0 12.169 0.832 99.24 0.0 0.0 4.0 0.0 0.0 4.05 0.0 12.0 3.0
19/03/22 00:15:20 1736.0 0.0 7983.0 0.0 5464.0 0.0 8.244 0.971 98.98 0.0 0.0 4.0 0.0 0.0 4.04 0.0 12.0 3.0
19/03/22 00:15:30 1618.0 0.0 7983.0 0.0 5582.0 0.0 12.987 0.713 98.98 0.0 0.0 4.0 0.0 0.0 4.04 0.0 12.0 3.0
19/03/22 00:15:40 1507.0 0.0 7983.0 0.0 5693.0 0.0 21.261 0.696 98.99 0.0 4.0 4.0 0.0 0.0 4.03 0.0 12.0 3.0
19/03/22 00:15:50 1393.0 0.0 7983.0 0.0 5807.0 0.0 16.137 0.459 98.48 0.0 4.0 4.0 0.0 0.0 4.02 0.0 12.0 3.0
19/03/22 00:16:00 1296.0 0.0 7983.0 0.0 5903.0 0.0 13.733 0.688 99.49 0.0 4.0 4.0 0.0 0.0 4.02 0.0 12.0 3.0
19/03/22 00:16:10 1196.0 0.0 7983.0 0.0 6003.0 0.0 16.085 0.411 99.49 0.0 4.0 4.0 0.0 0.0 4.16 0.0 12.0 3.0
19/03/22 00:16:20 1083.0 0.0 7983.0 0.0 6116.0 0.0 21.238 0.793 99.0 0.0 4.0 4.0 0.0 0.0 4.14 0.0 12.0 3.0
19/03/22 00:16:30 976.0 0.0 7983.0 0.0 6223.0 0.0 10.198 0.886 99.49 0.0 0.0 4.0 0.0 0.0 4.12 0.0 12.0 3.0
19/03/22 00:16:40 868.0 0.0 7983.0 0.0 6330.0 0.0 15.276 0.903 100.0 0.0 0.0 4.0 0.0 0.0 4.26 0.0 12.0 3.0
19/03/22 00:16:50 750.0 0.0 7983.0 0.0 6448.0 0.0 15.097 0.937 99.75 0.0 0.0 4.0 0.0 0.0 4.29 0.0 12.0 3.0
19/03/22 00:17:00 649.0 0.0 7983.0 0.0 6549.0 0.0 9.13 0.756 99.75 0.0 0.0 4.0 0.0 0.0 4.25 0.0 12.0 3.0
19/03/22 00:17:10 548.0 0.0 7983.0 0.0 6649.0 0.0 12.199 0.714 99.74 0.0 0.0 4.0 0.0 0.0 4.21 0.0 12.0 3.0
19/03/22 00:17:20 445.0 0.0 7983.0 0.0 6753.0 0.0 19.359 0.852 99.49 0.0 0.0 4.0 0.0 0.0 4.18 0.0 12.0 3.0
19/03/22 00:17:30 338.0 0.0 7983.0 0.0 6859.0 0.0 16.566 0.445 99.49 0.0 0.0 4.0 0.0 0.0 4.15 0.0 12.0 3.0
19/03/22 00:17:40 231.0 0.0 7983.0 0.0 6967.0 0.0 10.142 0.823 100.0 0.0 0.0 4.0 0.0 0.0 4.13 0.0 12.0 3.0
19/03/22 00:17:50 125.0 0.0 7983.0 0.0 7071.0 0.0 16.004 0.78 99.75 0.0 0.0 4.0 0.0 0.0 4.11 0.0 12.0 3.0
19/03/22 00:18:00 122.0 0.0 7983.0 0.0 7170.0 0.0 16.376 0.475 99.75 0.0 4.0 4.0 0.0 0.0 4.08 0.0 12.0 3.0
19/03/22 00:18:10 136.0 0.0 7983.0 0.0 7267.0 0.0 15.722 0.771 99.49 0.0 8.0 4.0 0.0 0.0 4.07 0.0 12.0 3.0
19/03/22 00:18:20 140.0 0.0 7983.0 0.0 7366.0 0.0 14.066 0.827 99.5 0.0 4.0 4.0 0.0 0.0 4.3 0.0 12.0 3.0
19/03/22 00:18:30 131.0 0.0 7983.0 0.0 7482.0 0.0 16.124 0.53 99.49 6.0 4.0 4.0 0.0 0.0 4.25 0.0 12.0 3.0
19/03/22 00:18:40 150.0 0.0 7983.0 0.0 7537.0 0.0 12.317 0.791 100.0 0.0 0.0 4.0 0.0 0.0 4.23 0.0 12.0 3.0
19/03/22 00:18:50 130.0 0.0 7983.0 0.0 7636.0 0.0 16.685 0.454 100.0 0.0 4.0 4.0 0.0 0.0 4.28 0.0 12.0 3.0
19/03/22 00:19:00 155.0 0.0 7983.0 0.0 7727.0 0.0 18.04 0.456 99.5 0.0 4.0 4.0 0.0 0.0 4.23 0.0 12.0 3.0
19/03/22 00:19:10 7633.0 0.0 7983.0 0.0 162.0 0.0 0.0 0.0 40.11 1982.0 153.0 4.0 0.0 0.0 4.28 0.0 12.0 3.0
19/03/22 00:19:20 7618.0 0.0 7983.0 0.0 168.0 0.0 0.0 0.008 3.32 0.0 0.0 4.0 0.0 0.0 3.69 0.0 11.0 3.0
19/03/22 00:19:30 7579.0 0.0 7983.0 0.0 186.0 0.0 45.965 2.421 45.38 0.0 0.0 4.0 0.0 0.0 3.12 0.0 12.0 3.0
19/03/22 00:19:40 7577.0 0.0 7983.0 0.0 188.0 0.0 45.858 2.369 43.55 0.0 78.0 4.0 0.0 0.0 3.02 0.0 12.0 3.0
19/03/22 00:19:50 7576.0 0.0 7983.0 0.0 188.0 0.0 47.788 2.36 44.15 6.0 2.0 4.0 0.0 0.0 3.18 0.0 12.0 3.0
19/03/22 00:20:00 7575.0 0.0 7983.0 0.0 188.0 0.0 46.251 2.194 44.59 0.0 0.0 4.0 0.0 0.0 3.06 0.0 12.0 3.0
19/03/22 00:20:10 7574.0 0.0 7983.0 0.0 188.0 0.0 43.171 2.374 44.5 0.0 0.0 4.0 0.0 0.0 2.98 0.0 12.0 3.0
19/03/22 00:20:20 7573.0 0.0 7983.0 0.0 189.0 0.0 43.196 2.292 44.03 0.0 0.0 4.0 0.0 0.0 2.83 0.0 12.0 3.0
19/03/22 00:20:30 7572.0 0.0 7983.0 0.0 189.0 0.0 46.566 2.312 41.71 0.0 0.0 4.0 0.0 0.0 2.77 0.0 12.0 3.0
19/03/22 00:20:40 7570.0 0.0 7983.0 0.0 190.0 0.0 43.283 2.398 43.32 0.0 0.0 4.0 0.0 0.0 2.74 0.0 12.0 3.0
19/03/22 00:20:50 7569.0 0.0 7983.0 0.0 191.0 0.0 44.693 2.194 42.19 0.0 0.0 4.0 0.0 0.0 2.71 0.0 12.0 3.0
19/03/22 00:21:00 7568.0 0.0 7983.0 0.0 190.0 0.0 45.991 2.257 44.26 0.0 10.0 4.0 0.0 0.0 2.61 0.0 12.0 3.0
19/03/22 00:21:10 7567.0 0.0 7983.0 0.0 191.0 0.0 43.764 2.182 43.57 0.0 0.0 4.0 0.0 0.0 2.59 0.0 12.0 3.0
19/03/22 00:21:20 7566.0 0.0 7983.0 0.0 190.0 0.0 42.503 2.247 41.89 0.0 0.0 4.0 0.0 0.0 2.35 0.0 12.0 3.0
19/03/22 00:21:30 7568.0 0.0 7983.0 0.0 188.0 0.0 43.377 2.297 42.67 2.0 0.0 4.0 0.0 0.0 2.37 0.0 12.0 3.0
19/03/22 00:21:40 7568.0 0.0 7983.0 0.0 188.0 0.0 0.0 0.0 1.0 0.0 0.0 4.0 0.0 0.0 2.08 0.0 12.0 3.0
19/03/22 00:21:50 7567.0 0.0 7983.0 0.0 188.0 0.0 0.0 0.0 0.0 0.0 2.0 4.0 0.0 0.0 1.76 0.0 12.0 3.0
19/03/22 00:22:00 7568.0 0.0 7983.0 0.0 188.0 0.0 0.0 0.0 0.5 0.0 0.0 4.0 0.0 0.0 1.49 0.0 12.0 3.0
19/03/22 00:22:10 7568.0 0.0 7983.0 0.0 188.0 0.0 0.0 0.0 0.0 0.0 0.0 4.0 0.0 0.0 1.26 0.0 12.0 3.0
19/03/22 00:22:20 7568.0 0.0 7983.0 0.0 187.0 0.0 0.0 0.0 0.75 0.0 0.0 4.0 0.0 0.0 1.06 0.0 12.0 3.0
19/03/22 00:22:30 7568.0 0.0 7983.0 0.0 188.0 0.0 0.0 0.0 0.0 0.0 2.0 4.0 0.0 0.0 0.9 0.0 12.0 3.0
19/03/22 00:22:40 7568.0 0.0 7983.0 0.0 188.0 0.0 0.0 0.0 0.25 0.0 0.0 4.0 0.0 0.0 0.76 0.0 12.0 3.0
19/03/22 00:22:50 7549.0 0.0 7983.0 0.0 207.0 0.0 9.516 0.483 5.84 0.0 0.0 4.0 0.0 0.0 0.64 0.0 12.0 3.0
19/03/22 00:23:00 7480.0 0.0 7983.0 0.0 275.0 0.0 9.353 0.438 13.08 0.0 0.0 4.0 0.0 0.0 0.54 0.0 12.0 3.0
19/03/22 00:23:10 7417.0 0.0 7983.0 0.0 338.0 0.0 9.054 0.443 15.94 0.0 0.0 4.0 0.0 0.0 0.62 0.0 12.0 3.0
19/03/22 00:23:20 7353.0 0.0 7983.0 0.0 403.0 0.0 8.936 0.405 21.13 0.0 0.0 4.0 0.0 0.0 0.99 0.0 12.0 3.0
19/03/22 00:23:30 7275.0 0.0 7983.0 0.0 480.0 0.0 8.217 0.421 20.3 0.0 0.0 4.0 0.0 0.0 1.16 0.0 12.0 3.0
19/03/22 00:23:40 7201.0 0.0 7983.0 0.0 554.0 0.0 8.148 0.419 24.17 0.0 0.0 4.0 0.0 0.0 0.98 0.0 12.0 3.0
19/03/22 00:23:50 7127.0 0.0 7983.0 0.0 628.0 0.0 7.881 0.425 26.42 0.0 0.0 4.0 0.0 0.0 0.83 0.0 12.0 3.0
19/03/22 00:24:00 7056.0 0.0 7983.0 0.0 699.0 0.0 8.191 0.503 27.99 0.0 0.0 4.0 0.0 0.0 0.7 0.0 12.0 3.0
19/03/22 00:24:10 6946.0 0.0 7983.0 0.0 808.0 0.0 13.389 0.696 51.68 0.0 0.0 4.0 0.0 0.0 0.67 0.0 12.0 3.0
19/03/22 00:24:20 6848.0 0.0 7983.0 0.0 906.0 0.0 12.731 0.662 54.31 0.0 0.0 4.0 0.0 0.0 1.27 0.0 12.0 3.0
19/03/22 00:24:30 6738.0 0.0 7983.0 0.0 1016.0 0.0 12.344 0.646 54.1 0.0 6.0 4.0 0.0 0.0 1.39 0.0 12.0 3.0
19/03/22 00:24:40 6635.0 0.0 7983.0 0.0 1119.0 0.0 13.355 0.633 58.21 0.0 0.0 4.0 0.0 0.0 1.18 0.0 12.0 3.0
19/03/22 00:24:50 6532.0 0.0 7983.0 0.0 1221.0 0.0 12.573 0.651 58.03 0.0 2.0 4.0 0.0 0.0 1.37 0.0 12.0 3.0
19/03/22 00:25:00 6437.0 0.0 7983.0 0.0 1317.0 0.0 11.179 0.603 59.13 0.0 0.0 4.0 0.0 0.0 1.61 0.0 12.0 3.0
19/03/22 00:25:10 6316.0 0.0 7983.0 0.0 1437.0 0.0 17.179 0.91 70.3 0.0 0.0 4.0 0.0 0.0 1.98 0.0 12.0 3.0
19/03/22 00:25:20 6172.0 0.0 7983.0 0.0 1581.0 0.0 18.602 0.902 78.01 0.0 8.0 4.0 0.0 0.0 2.29 0.0 12.0 3.0
19/03/22 00:25:30 6015.0 0.0 7983.0 0.0 1738.0 0.0 18.587 0.903 79.55 0.0 0.0 4.0 0.0 0.0 2.55 0.0 12.0 3.0
19/03/22 00:25:40 5862.0 0.0 7983.0 0.0 1891.0 0.0 18.521 0.879 85.57 0.0 6.0 4.0 0.0 0.0 2.53 0.0 12.0 3.0
19/03/22 00:25:50 5732.0 0.0 7983.0 0.0 2020.0 0.0 18.062 0.907 86.45 0.0 0.0 4.0 0.0 0.0 2.76 0.0 12.0 3.0
19/03/22 00:26:00 5598.0 0.0 7983.0 0.0 2154.0 0.0 17.618 0.907 86.22 0.0 0.0 4.0 0.0 0.0 2.95 0.0 12.0 3.0
19/03/22 00:26:10 5462.0 0.0 7983.0 0.0 2290.0 0.0 17.215 0.868 86.15 0.0 0.0 4.0 0.0 0.0 2.89 0.0 12.0 3.0
19/03/22 00:26:20 5281.0 0.0 7983.0 0.0 2470.0 0.0 21.455 1.13 95.93 0.0 0.0 4.0 0.0 0.0 3.06 0.0 12.0 3.0
19/03/22 00:26:30 5114.0 0.0 7983.0 0.0 2637.0 0.0 22.068 1.022 96.16 0.0 0.0 4.0 0.0 0.0 3.21 0.0 12.0 3.0
19/03/22 00:26:40 4941.0 0.0 7983.0 0.0 2810.0 0.0 22.041 1.008 93.4 0.0 0.0 4.0 0.0 0.0 3.33 0.0 12.0 3.0
19/03/22 00:26:50 4791.0 0.0 7983.0 0.0 2959.0 0.0 20.958 1.05 97.7 0.0 0.0 4.0 0.0 0.0 3.43 0.0 12.0 3.0
19/03/22 00:27:00 4628.0 0.0 7983.0 0.0 3122.0 0.0 21.442 0.963 95.45 0.0 4.0 4.0 0.0 0.0 3.52 0.0 12.0 3.0
19/03/22 00:27:10 4470.0 0.0 7983.0 0.0 3280.0 0.0 18.523 1.004 97.46 0.0 4.0 4.0 0.0 0.0 3.59 0.0 12.0 3.0
19/03/22 00:27:20 4311.0 0.0 7983.0 0.0 3439.0 0.0 18.169 0.997 97.71 0.0 4.0 4.0 0.0 0.0 3.66 0.0 12.0 3.0
19/03/22 00:27:30 4149.0 0.0 7983.0 0.0 3601.0 0.0 20.952 0.946 96.93 0.0 4.0 4.0 0.0 0.0 3.73 0.0 12.0 3.0
19/03/22 00:27:40 3996.0 0.0 7983.0 0.0 3753.0 0.0 22.371 0.976 97.46 0.0 4.0 4.0 0.0 0.0 3.7 0.0 12.0 3.0
19/03/22 00:27:50 3855.0 0.0 7983.0 0.0 3893.0 0.0 21.62 0.815 98.48 0.0 4.0 4.0 0.0 0.0 3.75 0.0 12.0 3.0
19/03/22 00:28:00 3776.0 0.0 7983.0 0.0 3973.0 0.0 20.496 0.933 98.73 0.0 4.0 4.0 0.0 0.0 3.77 0.0 12.0 3.0
19/03/22 00:28:10 3630.0 0.0 7983.0 0.0 4119.0 0.0 18.671 0.855 98.47 0.0 4.0 4.0 0.0 0.0 3.8 0.0 12.0 3.0
19/03/22 00:28:20 3502.0 0.0 7983.0 0.0 4246.0 0.0 17.648 0.794 96.95 0.0 4.0 4.0 0.0 0.0 3.83 0.0 12.0 3.0
19/03/22 00:28:30 3345.0 0.0 7983.0 0.0 4403.0 0.0 18.406 1.005 98.99 0.0 0.0 4.0 0.0 0.0 4.02 0.0 12.0 3.0
19/03/22 00:28:40 3203.0 0.0 7983.0 0.0 4543.0 0.0 20.216 0.955 97.95 0.0 0.0 4.0 0.0 0.0 4.02 0.0 12.0 3.0
19/03/22 00:28:50 3072.0 0.0 7983.0 0.0 4675.0 0.0 16.19 0.905 98.48 0.0 0.0 4.0 0.0 0.0 4.01 0.0 12.0 3.0
19/03/22 00:29:00 2934.0 0.0 7983.0 0.0 4813.0 0.0 16.32 1.015 98.98 0.0 0.0 4.0 0.0 0.0 4.09 0.0 12.0 3.0
19/03/22 00:29:10 2810.0 0.0 7983.0 0.0 4937.0 0.0 17.881 0.838 98.22 0.0 0.0 4.0 0.0 0.0 4.08 0.0 12.0 3.0
19/03/22 00:29:20 2668.0 0.0 7983.0 0.0 5079.0 0.0 17.882 0.912 98.22 0.0 0.0 4.0 0.0 0.0 4.06 0.0 12.0 3.0
19/03/22 00:29:30 2503.0 0.0 7983.0 0.0 5244.0 0.0 17.882 0.934 98.49 0.0 0.0 4.0 0.0 0.0 4.05 0.0 12.0 3.0
19/03/22 00:29:40 2378.0 0.0 7983.0 0.0 5368.0 0.0 16.043 0.75 98.73 0.0 0.0 4.0 0.0 0.0 4.12 0.0 12.0 3.0
19/03/22 00:29:50 2244.0 0.0 7983.0 0.0 5502.0 0.0 16.08 0.739 99.25 0.0 0.0 4.0 0.0 0.0 4.1 0.0 12.0 3.0
19/03/22 00:30:00 2111.0 0.0 7983.0 0.0 5635.0 0.0 16.61 0.923 98.98 0.0 0.0 4.0 0.0 0.0 4.08 0.0 12.0 3.0
19/03/22 00:30:10 1973.0 0.0 7983.0 0.0 5772.0 0.0 15.046 0.706 99.49 0.0 0.0 4.0 0.0 0.0 4.07 0.0 12.0 3.0
19/03/22 00:30:20 1849.0 0.0 7983.0 0.0 5897.0 0.0 13.468 1.037 98.98 0.0 0.0 4.0 0.0 0.0 4.06 0.0 12.0 3.0
19/03/22 00:30:30 1712.0 0.0 7983.0 0.0 6033.0 0.0 15.085 0.664 98.98 0.0 0.0 4.0 0.0 0.0 4.05 0.0 12.0 3.0
19/03/22 00:30:40 1573.0 0.0 7983.0 0.0 6172.0 0.0 19.292 0.811 99.49 0.0 0.0 4.0 0.0 0.0 4.04 0.0 12.0 3.0
19/03/22 00:30:50 1449.0 0.0 7983.0 0.0 6296.0 0.0 14.776 0.677 99.23 0.0 0.0 4.0 0.0 0.0 4.04 0.0 12.0 3.0
19/03/22 00:31:00 1341.0 0.0 7983.0 0.0 6403.0 0.0 18.064 0.885 99.24 0.0 0.0 4.0 0.0 0.0 4.03 0.0 12.0 3.0
19/03/22 00:31:10 1215.0 0.0 7983.0 0.0 6529.0 0.0 13.168 0.984 99.23 0.0 0.0 4.0 0.0 0.0 4.02 0.0 12.0 3.0
19/03/22 00:31:20 1092.0 0.0 7983.0 0.0 6652.0 0.0 16.249 0.861 98.98 0.0 0.0 4.0 0.0 0.0 4.02 0.0 12.0 3.0
19/03/22 00:31:30 961.0 0.0 7983.0 0.0 6782.0 0.0 14.568 0.657 99.74 0.0 0.0 4.0 0.0 0.0 4.02 0.0 12.0 3.0
19/03/22 00:31:40 849.0 0.0 7983.0 0.0 6894.0 0.0 19.274 0.685 98.73 0.0 0.0 4.0 0.0 0.0 4.01 0.0 12.0 3.0
19/03/22 00:31:50 730.0 0.0 7983.0 0.0 7013.0 0.0 21.194 0.401 98.99 0.0 0.0 4.0 0.0 0.0 4.01 0.0 12.0 3.0
19/03/22 00:32:00 610.0 0.0 7983.0 0.0 7133.0 0.0 15.96 0.921 99.24 0.0 0.0 4.0 0.0 0.0 4.01 0.0 12.0 3.0
19/03/22 00:32:10 495.0 0.0 7983.0 0.0 7247.0 0.0 20.994 0.696 98.99 0.0 6.0 4.0 0.0 0.0 4.01 0.0 12.0 3.0
19/03/22 00:32:20 373.0 0.0 7983.0 0.0 7370.0 0.0 15.697 0.689 99.74 0.0 4.0 4.0 0.0 0.0 4.01 0.0 12.0 3.0
19/03/22 00:32:30 254.0 0.0 7983.0 0.0 7489.0 0.0 12.615 0.804 98.48 0.0 4.0 4.0 0.0 0.0 4.0 0.0 12.0 3.0
19/03/22 00:32:40 121.0 0.0 7983.0 0.0 7621.0 0.0 16.076 0.699 98.98 0.0 4.0 4.0 0.0 0.0 4.0 0.0 12.0 3.0
19/03/22 00:32:50 142.0 0.0 7983.0 0.0 7753.0 0.0 19.982 0.741 98.22 24.0 4.0 4.0 0.0 0.0 4.0 0.0 12.0 3.0
19/03/22 00:33:00 7619.0 0.0 7983.0 0.0 163.0 0.0 0.011 0.0 0.57 96.0 0.0 4.0 0.0 0.0 4.0 0.0 11.0 3.0
19/03/22 00:33:10 7592.0 0.0 7983.0 0.0 176.0 0.0 0.0 0.006 0.0 264.0 0.0 4.0 0.0 0.0 3.55 0.0 12.0 3.0
19/03/22 00:33:20 7581.0 0.0 7983.0 0.0 186.0 0.0 50.141 2.49 47.43 0.0 0.0 4.0 0.0 0.0 3.08 0.0 12.0 3.0
19/03/22 00:33:30 7578.0 0.0 7983.0 0.0 188.0 0.0 49.958 2.52 48.19 0.0 0.0 4.0 0.0 0.0 2.9 0.0 12.0 3.0
19/03/22 00:33:40 7577.0 0.0 7983.0 0.0 188.0 0.0 46.683 2.513 46.67 0.0 0.0 4.0 0.0 0.0 2.76 0.0 12.0 3.0
19/03/22 00:33:50 7576.0 0.0 7983.0 0.0 188.0 0.0 49.335 2.496 46.98 0.0 0.0 4.0 0.0 0.0 2.57 0.0 12.0 3.0
19/03/22 00:34:00 7575.0 0.0 7983.0 0.0 188.0 0.0 48.542 2.483 45.43 0.0 0.0 4.0 0.0 0.0 2.17 0.0 12.0 3.0
19/03/22 00:34:10 7574.0 0.0 7983.0 0.0 188.0 0.0 47.619 2.484 47.17 0.0 0.0 4.0 0.0 0.0 2.15 0.0 12.0 3.0
19/03/22 00:34:20 7574.0 0.0 7983.0 0.0 188.0 0.0 49.037 2.462 45.45 0.0 0.0 4.0 0.0 0.0 2.19 0.0 12.0 3.0
19/03/22 00:34:30 7573.0 0.0 7983.0 0.0 189.0 0.0 51.69 2.571 45.77 0.0 0.0 4.0 0.0 0.0 2.3 0.0 12.0 3.0
19/03/22 00:34:40 7571.0 0.0 7983.0 0.0 189.0 0.0 48.654 2.454 46.15 0.0 0.0 4.0 0.0 0.0 2.09 0.0 12.0 3.0
19/03/22 00:34:50 7570.0 0.0 7983.0 0.0 189.0 0.0 48.538 2.439 47.07 0.0 0.0 4.0 0.0 0.0 2.75 0.0 12.0 3.0
19/03/22 00:35:00 7570.0 0.0 7983.0 0.0 189.0 0.0 48.512 2.47 47.76 0.0 0.0 4.0 0.0 0.0 2.95 0.0 12.0 3.0
19/03/22 00:35:10 7569.0 0.0 7983.0 0.0 189.0 0.0 49.437 2.476 47.34 0.0 0.0 4.0 0.0 0.0 3.18 0.0 12.0 3.0
19/03/22 00:35:20 7568.0 0.0 7983.0 0.0 190.0 0.0 44.602 2.283 43.97 0.0 0.0 4.0 0.0 0.0 2.93 0.0 12.0 3.0
19/03/22 00:35:30 7567.0 0.0 7983.0 0.0 190.0 0.0 49.871 2.55 45.14 0.0 0.0 4.0 0.0 0.0 2.8 0.0 12.0 3.0
19/03/22 00:35:40 7564.0 0.0 7983.0 0.0 192.0 0.0 49.812 2.509 53.01 0.0 0.0 4.0 0.0 0.0 2.44 0.0 12.0 3.0
19/03/22 00:35:50 7564.0 0.0 7983.0 0.0 192.0 0.0 47.642 2.474 47.98 0.0 0.0 4.0 0.0 0.0 2.57 0.0 12.0 3.0
19/03/22 00:36:00 7560.0 0.0 7983.0 0.0 195.0 0.0 47.733 2.415 45.23 0.0 0.0 4.0 0.0 0.0 2.69 0.0 12.0 3.0
19/03/22 00:36:10 7559.0 0.0 7983.0 0.0 195.0 0.0 47.77 2.401 44.16 0.0 0.0 4.0 0.0 0.0 2.89 0.0 12.0 3.0
19/03/22 00:36:20 7558.0 0.0 7983.0 0.0 195.0 0.0 47.039 2.422 47.47 0.0 0.0 4.0 0.0 0.0 2.84 0.0 12.0 3.0
19/03/22 00:36:30 7557.0 0.0 7983.0 0.0 196.0 0.0 47.407 2.574 43.55 0.0 0.0 4.0 0.0 0.0 3.02 0.0 12.0 3.0
19/03/22 00:36:40 7556.0 0.0 7983.0 0.0 196.0 0.0 44.902 2.48 45.5 0.0 0.0 4.0 0.0 0.0 2.88 0.0 12.0 3.0
19/03/22 00:36:50 7556.0 0.0 7983.0 0.0 196.0 0.0 47.147 2.489 46.38 0.0 0.0 4.0 0.0 0.0 3.05 0.0 12.0 3.0
19/03/22 00:37:00 7555.0 0.0 7983.0 0.0 195.0 0.0 48.395 2.438 45.48 0.0 0.0 4.0 0.0 0.0 2.88 0.0 12.0 3.0
19/03/22 00:37:10 7555.0 0.0 7983.0 0.0 195.0 0.0 46.248 2.519 45.58 0.0 14.0 4.0 0.0 0.0 2.73 0.0 12.0 3.0
19/03/22 00:37:20 7554.0 0.0 7983.0 0.0 195.0 0.0 45.953 2.468 44.29 0.0 14.0 4.0 0.0 0.0 3.01 0.0 12.0 3.0
19/03/22 00:37:30 7554.0 0.0 7983.0 0.0 195.0 0.0 49.13 2.528 43.05 0.0 4.0 4.0 0.0 0.0 3.01 0.0 12.0 3.0
19/03/22 00:37:40 7553.0 0.0 7983.0 0.0 195.0 0.0 45.179 2.275 44.05 0.0 16.0 4.0 0.0 0.0 3.01 0.0 12.0 3.0
19/03/22 00:37:50 7553.0 0.0 7983.0 0.0 195.0 0.0 47.687 2.599 46.67 0.0 4.0 4.0 0.0 0.0 2.7 0.0 12.0 3.0
19/03/22 00:38:00 7551.0 0.0 7983.0 0.0 195.0 0.0 48.515 2.549 46.45 0.0 4.0 4.0 0.0 0.0 2.74 0.0 12.0 3.0
19/03/22 00:38:10 7550.0 0.0 7983.0 0.0 196.0 0.0 48.637 2.471 47.75 0.0 14.0 4.0 0.0 0.0 2.69 0.0 12.0 3.0
19/03/22 00:38:20 7550.0 0.0 7983.0 0.0 195.0 0.0 48.658 2.447 48.4 0.0 12.0 4.0 0.0 0.0 2.43 0.0 12.0 3.0
19/03/22 00:38:30 7549.0 0.0 7983.0 0.0 196.0 0.0 50.376 2.59 45.71 0.0 4.0 4.0 0.0 0.0 2.75 0.0 12.0 3.0
19/03/22 00:38:40 7548.0 0.0 7983.0 0.0 196.0 0.0 49.899 2.563 47.43 0.0 14.0 4.0 0.0 0.0 2.55 0.0 12.0 3.0
19/03/22 00:38:50 7543.0 0.0 7983.0 0.0 200.0 0.0 47.151 2.365 42.18 0.0 4.0 4.0 0.0 0.0 2.86 0.0 12.0 3.0
19/03/22 00:39:00 7542.0 0.0 7983.0 0.0 201.0 0.0 48.638 2.477 46.83 0.0 4.0 4.0 0.0 0.0 2.58 0.0 12.0 3.0
19/03/22 00:39:10 7541.0 0.0 7983.0 0.0 201.0 0.0 49.689 2.542 46.88 0.0 12.0 4.0 0.0 0.0 2.8 0.0 12.0 3.0
19/03/22 00:39:20 7540.0 0.0 7983.0 0.0 201.0 0.0 50.809 2.523 48.66 0.0 4.0 4.0 0.0 0.0 2.59 0.0 12.0 3.0
19/03/22 00:39:30 7539.0 0.0 7983.0 0.0 201.0 0.0 52.593 2.566 46.97 0.0 18.0 4.0 0.0 0.0 2.43 0.0 12.0 3.0
19/03/22 00:39:40 7539.0 0.0 7983.0 0.0 201.0 0.0 51.83 2.419 48.28 0.0 0.0 4.0 0.0 0.0 2.35 0.0 12.0 3.0
19/03/22 00:39:50 7538.0 0.0 7983.0 0.0 201.0 0.0 0.0 0.006 0.0 0.0 0.0 4.0 0.0 0.0 2.14 0.0 12.0 3.0
19/03/22 00:40:00 7541.0 0.0 7983.0 0.0 198.0 0.0 0.0 0.006 0.75 0.0 0.0 4.0 0.0 0.0 1.81 0.0 12.0 3.0
19/03/22 00:40:10 7541.0 0.0 7983.0 0.0 198.0 0.0 0.0 0.006 0.0 0.0 0.0 4.0 0.0 0.0 1.53 0.0 12.0 3.0
19/03/22 00:40:20 7542.0 0.0 7983.0 0.0 198.0 0.0 0.0 0.006 0.75 0.0 0.0 4.0 0.0 0.0 1.3 0.0 12.0 3.0
19/03/22 00:40:30 7542.0 0.0 7983.0 0.0 197.0 0.0 0.0 0.006 0.0 0.0 0.0 4.0 0.0 0.0 1.1 0.0 12.0 3.0
19/03/22 00:40:40 7541.0 0.0 7983.0 0.0 198.0 0.0 0.0 0.006 0.75 0.0 0.0 4.0 0.0 0.0 0.93 0.0 12.0 3.0
19/03/22 00:40:50 7541.0 0.0 7983.0 0.0 198.0 0.0 0.0 0.006 0.0 0.0 0.0 4.0 0.0 0.0 0.78 0.0 12.0 3.0
19/03/22 00:41:00 7542.0 0.0 7983.0 0.0 198.0 0.0 0.0 0.006 1.0 0.0 0.0 4.0 0.0 0.0 0.66 0.0 12.0 3.0
19/03/22 00:41:10 7488.0 0.0 7983.0 0.0 251.0 0.0 9.719 0.494 11.45 0.0 4.0 4.0 0.0 0.0 0.56 0.0 12.0 3.0
19/03/22 00:41:20 7413.0 0.0 7983.0 0.0 326.0 0.0 9.399 0.5 17.14 0.0 4.0 4.0 0.0 0.0 0.55 0.0 12.0 3.0
19/03/22 00:41:30 7344.0 0.0 7983.0 0.0 395.0 0.0 9.258 0.482 16.41 0.0 8.0 4.0 0.0 0.0 0.86 0.0 12.0 3.0
19/03/22 00:41:40 7288.0 0.0 7983.0 0.0 451.0 0.0 9.222 0.495 20.1 0.0 6.0 4.0 0.0 0.0 0.73 0.0 12.0 3.0
19/03/22 00:41:50 7222.0 0.0 7983.0 0.0 517.0 0.0 9.177 0.461 22.39 0.0 4.0 4.0 0.0 0.0 1.31 0.0 12.0 3.0
19/03/22 00:42:00 7160.0 0.0 7983.0 0.0 578.0 0.0 8.874 0.429 24.18 0.0 4.0 4.0 0.0 0.0 1.43 0.0 12.0 3.0
19/03/22 00:42:10 7087.0 0.0 7983.0 0.0 651.0 0.0 8.517 0.467 30.46 0.0 2.0 4.0 0.0 0.0 1.53 0.0 12.0 3.0
19/03/22 00:42:20 6982.0 0.0 7983.0 0.0 757.0 0.0 14.774 0.755 50.26 0.0 0.0 4.0 0.0 0.0 1.67 0.0 12.0 3.0
19/03/22 00:42:30 6879.0 0.0 7983.0 0.0 859.0 0.0 14.655 0.707 49.74 0.0 0.0 4.0 0.0 0.0 1.71 0.0 12.0 3.0
19/03/22 00:42:40 6767.0 0.0 7983.0 0.0 971.0 0.0 14.166 0.716 54.81 0.0 0.0 4.0 0.0 0.0 2.06 0.0 12.0 3.0
19/03/22 00:42:50 6666.0 0.0 7983.0 0.0 1072.0 0.0 14.586 0.741 63.27 0.0 0.0 4.0 0.0 0.0 2.29 0.0 12.0 3.0
19/03/22 00:43:00 6595.0 0.0 7983.0 0.0 1143.0 0.0 13.757 0.74 63.36 0.0 4.0 4.0 0.0 0.0 2.33 0.0 12.0 3.0
19/03/22 00:43:10 6593.0 0.0 7983.0 0.0 1144.0 0.0 0.0 0.0 0.5 0.0 0.0 4.0 0.0 0.0 1.97 0.0 12.0 3.0
19/03/22 00:43:20 6593.0 0.0 7983.0 0.0 1144.0 0.0 0.0 0.0 0.0 0.0 0.0 4.0 0.0 0.0 1.67 0.0 12.0 3.0
19/03/22 00:43:30 7520.0 0.0 7983.0 0.0 170.0 0.0 0.007 0.036 1.0 20.0 32.0 4.0 0.0 0.0 1.49 0.0 12.0 3.0
19/03/22 00:43:40 7518.0 0.0 7983.0 0.0 172.0 0.0 0.0 0.0 1.0 0.0 0.0 4.0 0.0 0.0 1.48 0.0 8.0 3.0
19/03/22 00:43:50 7541.0 0.0 7983.0 0.0 150.0 0.0 0.0 0.005 0.0 0.0 4.0 4.0 0.0 0.0 1.25 0.0 8.0 3.0
19/03/22 00:44:00 7541.0 0.0 7983.0 0.0 150.0 0.0 0.0 0.005 0.0 0.0 0.0 4.0 0.0 0.0 1.06 0.0 8.0 3.0
19/03/22 00:44:10 7541.0 0.0 7983.0 0.0 150.0 0.0 0.0 0.006 0.0 0.0 0.0 4.0 0.0 0.0 0.9 0.0 8.0 3.0
19/03/22 00:44:20 7541.0 0.0 7983.0 0.0 150.0 0.0 0.0 0.005 0.0 0.0 0.0 4.0 0.0 0.0 0.76 0.0 8.0 3.0
19/03/22 00:44:30 7541.0 0.0 7983.0 0.0 150.0 0.0 0.0 0.005 0.0 0.0 0.0 4.0 0.0 0.0 0.64 0.0 8.0 3.0
19/03/22 00:44:40 7541.0 0.0 7983.0 0.0 150.0 0.0 0.0 0.006 0.0 0.0 0.0 4.0 0.0 0.0 0.54 0.0 8.0 3.0
19/03/22 00:44:50 7541.0 0.0 7983.0 0.0 150.0 0.0 0.0 0.005 0.0 0.0 0.0 4.0 0.0 0.0 0.46 0.0 8.0 3.0
19/03/22 00:45:00 7541.0 0.0 7983.0 0.0 150.0 0.0 0.0 0.0 0.25 0.0 0.0 4.0 0.0 0.0 0.39 0.0 8.0 3.0
19/03/22 00:45:10 7541.0 0.0 7983.0 0.0 150.0 0.0 0.0 0.0 0.25 0.0 0.0 4.0 0.0 0.0 0.33 0.0 8.0 3.0
19/03/22 00:45:20 7542.0 0.0 7983.0 0.0 149.0 0.0 0.0 0.0 0.25 0.0 0.0 4.0 0.0 0.0 0.28 0.0 8.0 3.0
19/03/22 00:45:30 7522.0 0.0 7983.0 0.0 169.0 0.0 0.022 0.04 0.0 0.0 10.0 4.0 0.0 0.0 0.23 0.0 8.0 3.0
19/03/22 00:45:40 7361.0 0.0 7983.0 0.0 288.0 0.0 0.034 0.013 2.01 0.0 146.0 4.0 0.0 0.0 0.35 0.0 8.0 3.0
19/03/22 00:45:50 7485.0 0.0 7983.0 0.0 195.0 0.0 0.0 0.001 1.0 0.0 0.0 4.0 0.0 0.0 0.37 0.0 12.0 3.0
19/03/22 00:46:00 7485.0 0.0 7983.0 0.0 196.0 0.0 0.0 0.0 1.01 0.0 0.0 4.0 0.0 0.0 0.31 0.0 12.0 3.0
19/03/22 00:46:10 7509.0 0.0 7983.0 0.0 171.0 0.0 0.0 0.0 0.0 0.0 0.0 4.0 0.0 0.0 0.27 0.0 12.0 3.0
19/03/22 00:46:20 7510.0 0.0 7983.0 0.0 170.0 0.0 0.0 0.0 0.25 0.0 0.0 4.0 0.0 0.0 0.22 0.0 12.0 3.0
19/03/22 00:46:30 7510.0 0.0 7983.0 0.0 170.0 0.0 0.0 0.0 0.0 0.0 0.0 4.0 0.0 0.0 0.19 0.0 12.0 3.0
19/03/22 00:46:40 7510.0 0.0 7983.0 0.0 170.0 0.0 0.0 0.0 0.0 0.0 0.0 4.0 0.0 0.0 0.16 0.0 12.0 3.0
19/03/22 00:46:50 7510.0 0.0 7983.0 0.0 170.0 0.0 0.0 0.005 0.0 0.0 0.0 4.0 0.0 0.0 0.13 0.0 12.0 3.0
19/03/22 00:47:00 7510.0 0.0 7983.0 0.0 170.0 0.0 0.0 0.0 0.0 0.0 0.0 4.0 0.0 0.0 0.26 0.0 12.0 3.0
19/03/22 00:47:10 7510.0 0.0 7983.0 0.0 170.0 0.0 0.0 0.0 0.0 0.0 0.0 4.0 0.0 0.0 0.22 0.0 12.0 3.0
19/03/22 00:47:20 7510.0 0.0 7983.0 0.0 170.0 0.0 0.0 0.0 0.0 0.0 0.0 4.0 0.0 0.0 0.19 0.0 12.0 3.0
19/03/22 00:47:30 7510.0 0.0 7983.0 0.0 170.0 0.0 0.0 0.0 0.0 0.0 0.0 4.0 0.0 0.0 0.16 0.0 12.0 3.0
19/03/22 00:47:40 7505.0 0.0 7983.0 0.0 175.0 0.0 0.0 0.0 0.0 0.0 0.0 4.0 0.0 0.0 0.13 0.0 12.0 3.0
19/03/22 00:47:50 7503.0 0.0 7983.0 0.0 177.0 0.0 8.171 0.431 7.07 0.0 4.0 4.0 0.0 0.0 0.11 0.0 12.0 3.0
19/03/22 00:48:00 7502.0 0.0 7983.0 0.0 178.0 0.0 7.951 0.424 6.85 0.0 4.0 4.0 0.0 0.0 0.25 0.0 12.0 3.0
19/03/22 00:48:10 7501.0 0.0 7983.0 0.0 179.0 0.0 9.263 0.98 8.91 0.0 0.0 4.0 0.0 0.0 0.22 0.0 12.0 3.0
19/03/22 00:48:20 7499.0 0.0 7983.0 0.0 180.0 0.0 16.64 0.861 13.65 0.0 2.0 4.0 0.0 0.0 0.34 0.0 12.0 3.0
19/03/22 00:48:30 7499.0 0.0 7983.0 0.0 180.0 0.0 16.69 0.923 14.81 0.0 0.0 4.0 0.0 0.0 0.31 0.0 12.0 3.0
19/03/22 00:48:40 7499.0 0.0 7983.0 0.0 179.0 0.0 16.757 0.95 15.63 0.0 0.0 4.0 0.0 0.0 0.42 0.0 12.0 3.0
19/03/22 00:48:50 7497.0 0.0 7983.0 0.0 182.0 0.0 25.64 1.32 22.96 0.0 6.0 4.0 0.0 0.0 0.43 0.0 12.0 3.0
19/03/22 00:49:00 7496.0 0.0 7983.0 0.0 183.0 0.0 25.317 1.3 22.16 0.0 6.0 4.0 0.0 0.0 0.51 0.0 12.0 3.0
19/03/22 00:49:10 7495.0 0.0 7983.0 0.0 183.0 0.0 23.529 1.343 23.2 0.0 0.0 4.0 0.0 0.0 0.51 0.0 12.0 3.0
19/03/22 00:49:20 7493.0 0.0 7983.0 0.0 184.0 0.0 31.168 1.65 26.22 0.0 0.0 4.0 0.0 0.0 0.58 0.0 12.0 3.0
19/03/22 00:49:30 7493.0 0.0 7983.0 0.0 184.0 0.0 30.877 1.715 27.82 0.0 10.0 4.0 0.0 0.0 0.49 0.0 12.0 3.0
19/03/22 00:49:40 7492.0 0.0 7983.0 0.0 185.0 0.0 31.208 1.733 29.02 0.0 0.0 4.0 0.0 0.0 0.41 0.0 12.0 3.0
19/03/22 00:49:50 7490.0 0.0 7983.0 0.0 186.0 0.0 35.729 2.031 34.46 0.0 0.0 4.0 0.0 0.0 0.66 0.0 12.0 3.0
19/03/22 00:50:00 7489.0 0.0 7983.0 0.0 186.0 0.0 36.101 2.073 34.75 0.0 0.0 4.0 0.0 0.0 0.95 0.0 12.0 3.0
19/03/22 00:50:10 7488.0 0.0 7983.0 0.0 187.0 0.0 35.982 1.99 33.95 0.0 0.0 4.0 0.0 0.0 1.12 0.0 12.0 3.0
19/03/22 00:50:20 7487.0 0.0 7983.0 0.0 188.0 0.0 38.696 2.247 37.01 0.0 0.0 4.0 0.0 0.0 1.17 0.0 12.0 3.0
19/03/22 00:50:30 7482.0 0.0 7983.0 0.0 192.0 0.0 38.776 2.227 37.1 0.0 0.0 4.0 0.0 0.0 1.48 0.0 12.0 3.0
19/03/22 00:50:40 7480.0 0.0 7983.0 0.0 193.0 0.0 38.405 2.1 34.95 0.0 0.0 4.0 0.0 0.0 1.48 0.0 12.0 3.0
19/03/22 00:50:50 7479.0 0.0 7983.0 0.0 193.0 0.0 41.908 2.275 37.97 0.0 0.0 4.0 0.0 0.0 1.47 0.0 12.0 3.0
19/03/22 00:51:00 7479.0 0.0 7983.0 0.0 193.0 0.0 40.411 2.269 36.19 0.0 0.0 4.0 0.0 0.0 1.78 0.0 12.0 3.0
19/03/22 00:51:10 7479.0 0.0 7983.0 0.0 193.0 0.0 39.595 2.189 37.87 0.0 0.0 4.0 0.0 0.0 1.66 0.0 12.0 3.0
19/03/22 00:51:20 7478.0 0.0 7983.0 0.0 193.0 0.0 41.111 2.314 42.3 0.0 0.0 4.0 0.0 0.0 1.64 0.0 12.0 3.0
19/03/22 00:51:30 7476.0 0.0 7983.0 0.0 194.0 0.0 41.553 2.215 42.45 0.0 0.0 4.0 0.0 0.0 1.68 0.0 12.0 3.0
19/03/22 00:51:40 7475.0 0.0 7983.0 0.0 195.0 0.0 43.205 2.24 42.23 0.0 0.0 4.0 0.0 0.0 1.57 0.0 12.0 3.0
19/03/22 00:51:50 7474.0 0.0 7983.0 0.0 195.0 0.0 45.808 2.267 40.66 0.0 0.0 4.0 0.0 0.0 1.56 0.0 12.0 3.0
19/03/22 00:52:00 7473.0 0.0 7983.0 0.0 196.0 0.0 45.165 2.389 42.67 0.0 0.0 4.0 0.0 0.0 1.64 0.0 12.0 3.0
19/03/22 00:52:10 7472.0 0.0 7983.0 0.0 196.0 0.0 43.724 2.357 39.73 0.0 0.0 4.0 0.0 0.0 1.85 0.0 12.0 3.0
19/03/22 00:52:20 7471.0 0.0 7983.0 0.0 196.0 0.0 48.184 2.462 45.55 0.0 0.0 4.0 0.0 0.0 1.87 0.0 12.0 3.0
19/03/22 00:52:30 7472.0 0.0 7983.0 0.0 194.0 0.0 47.621 2.36 42.9 0.0 0.0 4.0 0.0 0.0 2.28 0.0 12.0 3.0
19/03/22 00:52:40 7472.0 0.0 7983.0 0.0 194.0 0.0 45.253 2.352 45.12 0.0 0.0 4.0 0.0 0.0 2.38 0.0 12.0 3.0
19/03/22 00:52:50 7471.0 0.0 7983.0 0.0 195.0 0.0 47.154 2.412 44.18 0.0 0.0 4.0 0.0 0.0 2.72 0.0 12.0 3.0
19/03/22 00:53:00 7470.0 0.0 7983.0 0.0 195.0 0.0 48.079 2.314 42.86 0.0 0.0 4.0 0.0 0.0 2.92 0.0 12.0 3.0
19/03/22 00:53:10 7468.0 0.0 7983.0 0.0 195.0 0.0 49.889 2.396 45.33 0.0 0.0 4.0 0.0 0.0 2.62 0.0 12.0 3.0
19/03/22 00:53:20 7466.0 0.0 7983.0 0.0 197.0 0.0 49.36 2.501 48.67 0.0 0.0 4.0 0.0 0.0 2.67 0.0 12.0 3.0
19/03/22 00:53:30 7465.0 0.0 7983.0 0.0 197.0 0.0 48.814 2.382 42.63 0.0 0.0 4.0 0.0 0.0 2.88 0.0 12.0 3.0
19/03/22 00:53:40 7465.0 0.0 7983.0 0.0 197.0 0.0 48.293 2.512 46.79 0.0 0.0 4.0 0.0 0.0 2.58 0.0 12.0 3.0
19/03/22 00:53:50 7464.0 0.0 7983.0 0.0 198.0 0.0 48.568 2.542 45.89 0.0 0.0 4.0 0.0 0.0 2.65 0.0 12.0 3.0
19/03/22 00:54:00 7462.0 0.0 7983.0 0.0 198.0 0.0 50.934 2.524 47.59 0.0 0.0 4.0 0.0 0.0 2.48 0.0 12.0 3.0
19/03/22 00:54:10 7462.0 0.0 7983.0 0.0 198.0 0.0 50.811 2.671 47.45 0.0 0.0 4.0 0.0 0.0 2.64 0.0 12.0 3.0
19/03/22 00:54:20 7461.0 0.0 7983.0 0.0 197.0 0.0 52.119 2.595 48.14 0.0 0.0 4.0 0.0 0.0 2.69 0.0 12.0 3.0
19/03/22 00:54:30 7461.0 0.0 7983.0 0.0 198.0 0.0 50.769 2.569 46.93 0.0 0.0 4.0 0.0 0.0 2.44 0.0 12.0 3.0
19/03/22 00:54:40 7459.0 0.0 7983.0 0.0 198.0 0.0 51.37 2.636 50.67 0.0 0.0 4.0 0.0 0.0 2.6 0.0 12.0 3.0
19/03/22 00:54:50 7462.0 0.0 7983.0 0.0 195.0 0.0 53.946 2.523 48.52 0.0 0.0 4.0 0.0 0.0 2.81 0.0 12.0 3.0
19/03/22 00:55:00 7462.0 0.0 7983.0 0.0 194.0 0.0 52.884 2.617 45.41 0.0 0.0 4.0 0.0 0.0 3.0 0.0 12.0 3.0
19/03/22 00:55:10 7455.0 0.0 7983.0 0.0 200.0 0.0 54.313 2.684 49.6 0.0 0.0 4.0 0.0 0.0 3.0 0.0 12.0 3.0
19/03/22 00:55:20 7455.0 0.0 7983.0 0.0 200.0 0.0 50.973 2.426 45.28 0.0 0.0 4.0 0.0 0.0 3.0 0.0 12.0 3.0
19/03/22 00:55:30 7454.0 0.0 7983.0 0.0 200.0 0.0 53.153 2.606 47.87 0.0 0.0 4.0 0.0 0.0 3.06 0.0 12.0 3.0
19/03/22 00:55:40 7453.0 0.0 7983.0 0.0 200.0 0.0 53.677 2.618 48.13 0.0 0.0 4.0 0.0 0.0 2.91 0.0 12.0 3.0
19/03/22 00:55:50 7453.0 0.0 7983.0 0.0 200.0 0.0 49.44 2.569 41.85 0.0 0.0 4.0 0.0 0.0 2.83 0.0 12.0 3.0
19/03/22 00:56:00 7451.0 0.0 7983.0 0.0 200.0 0.0 54.12 2.7 45.53 0.0 0.0 4.0 0.0 0.0 2.47 0.0 12.0 3.0
19/03/22 00:56:10 7451.0 0.0 7983.0 0.0 201.0 0.0 53.463 2.591 48.02 0.0 0.0 4.0 0.0 0.0 2.41 0.0 12.0 3.0
19/03/22 00:56:20 7450.0 0.0 7983.0 0.0 200.0 0.0 52.765 2.533 46.99 0.0 0.0 4.0 0.0 0.0 2.28 0.0 12.0 3.0
19/03/22 00:56:30 7449.0 0.0 7983.0 0.0 201.0 0.0 53.82 2.691 47.72 0.0 0.0 4.0 0.0 0.0 2.55 0.0 12.0 3.0
19/03/22 00:56:40 7448.0 0.0 7983.0 0.0 201.0 0.0 54.491 2.724 48.92 0.0 0.0 4.0 0.0 0.0 2.3 0.0 12.0 3.0
19/03/22 00:56:50 7448.0 0.0 7983.0 0.0 201.0 0.0 53.104 2.582 49.33 0.0 0.0 4.0 0.0 0.0 2.32 0.0 12.0 3.0
19/03/22 00:57:00 7447.0 0.0 7983.0 0.0 200.0 0.0 55.82 2.7 48.65 0.0 0.0 4.0 0.0 0.0 2.66 0.0 12.0 3.0
19/03/22 00:57:10 7446.0 0.0 7983.0 0.0 201.0 0.0 56.869 2.6 51.33 0.0 0.0 4.0 0.0 0.0 2.94 0.0 12.0 3.0
19/03/22 00:57:20 7445.0 0.0 7983.0 0.0 201.0 0.0 55.024 2.761 45.78 0.0 0.0 4.0 0.0 0.0 2.81 0.0 12.0 3.0
19/03/22 00:57:30 7444.0 0.0 7983.0 0.0 202.0 0.0 55.198 2.661 48.65 0.0 2.0 4.0 0.0 0.0 2.84 0.0 12.0 3.0
19/03/22 00:57:40 7443.0 0.0 7983.0 0.0 201.0 0.0 52.651 2.608 50.54 0.0 6.0 4.0 0.0 0.0 3.02 0.0 12.0 3.0
19/03/22 00:57:50 7442.0 0.0 7983.0 0.0 202.0 0.0 55.197 2.675 49.19 0.0 4.0 4.0 0.0 0.0 2.94 0.0 12.0 3.0
19/03/22 00:58:00 7442.0 0.0 7983.0 0.0 202.0 0.0 59.244 2.757 48.81 0.0 4.0 4.0 0.0 0.0 2.64 0.0 12.0 3.0
19/03/22 00:58:10 7441.0 0.0 7983.0 0.0 202.0 0.0 50.603 2.6 47.66 0.0 4.0 4.0 0.0 0.0 2.46 0.0 12.0 3.0
19/03/22 00:58:20 7440.0 0.0 7983.0 0.0 202.0 0.0 54.678 2.717 49.33 0.0 4.0 4.0 0.0 0.0 2.62 0.0 12.0 3.0
19/03/22 00:58:30 7439.0 0.0 7983.0 0.0 202.0 0.0 57.54 2.771 50.67 0.0 4.0 4.0 0.0 0.0 2.62 0.0 12.0 3.0
19/03/22 00:58:40 7438.0 0.0 7983.0 0.0 203.0 0.0 52.829 2.698 48.3 0.0 6.0 4.0 0.0 0.0 2.69 0.0 12.0 3.0
19/03/22 00:58:50 7437.0 0.0 7983.0 0.0 203.0 0.0 56.586 2.663 49.46 0.0 4.0 4.0 0.0 0.0 2.35 0.0 12.0 3.0
19/03/22 00:59:00 7436.0 0.0 7983.0 0.0 203.0 0.0 56.864 2.762 48.53 0.0 4.0 4.0 0.0 0.0 2.52 0.0 12.0 3.0
19/03/22 00:59:10 7435.0 0.0 7983.0 0.0 203.0 0.0 55.888 2.584 49.2 0.0 6.0 4.0 0.0 0.0 2.21 0.0 12.0 3.0
19/03/22 00:59:20 7434.0 0.0 7983.0 0.0 203.0 0.0 56.395 2.712 50.4 0.0 4.0 4.0 0.0 0.0 2.48 0.0 12.0 3.0
19/03/22 00:59:30 7433.0 0.0 7983.0 0.0 203.0 0.0 56.668 2.58 49.87 0.0 4.0 4.0 0.0 0.0 2.17 0.0 12.0 3.0
19/03/22 00:59:40 7434.0 0.0 7983.0 0.0 203.0 0.0 57.618 2.709 49.2 0.0 6.0 4.0 0.0 0.0 2.38 0.0 12.0 3.0
19/03/22 00:59:50 7432.0 0.0 7983.0 0.0 203.0 0.0 58.04 2.78 50.8 0.0 0.0 4.0 0.0 0.0 2.39 0.0 12.0 3.0
19/03/22 01:00:00 7432.0 0.0 7983.0 0.0 203.0 0.0 57.727 2.552 46.17 0.0 0.0 4.0 0.0 0.0 2.64 0.0 12.0 3.0
19/03/22 01:00:10 7431.0 0.0 7983.0 0.0 203.0 0.0 59.762 2.668 51.08 0.0 0.0 4.0 0.0 0.0 2.63 0.0 12.0 3.0
19/03/22 01:00:20 7431.0 0.0 7983.0 0.0 203.0 0.0 59.62 2.639 50.13 0.0 0.0 4.0 0.0 0.0 2.74 0.0 12.0 3.0
19/03/22 01:00:30 7429.0 0.0 7983.0 0.0 204.0 0.0 57.583 2.64 49.32 0.0 0.0 4.0 0.0 0.0 2.39 0.0 12.0 3.0
19/03/22 01:00:40 7429.0 0.0 7983.0 0.0 204.0 0.0 58.109 2.632 48.04 0.0 0.0 4.0 0.0 0.0 2.18 0.0 12.0 3.0
19/03/22 01:00:50 7428.0 0.0 7983.0 0.0 203.0 0.0 59.309 2.548 49.19 0.0 0.0 4.0 0.0 0.0 2.37 0.0 12.0 3.0
19/03/22 01:01:00 7427.0 0.0 7983.0 0.0 204.0 0.0 60.096 2.503 48.4 0.0 0.0 4.0 0.0 0.0 2.4 0.0 12.0 3.0
19/03/22 01:01:10 7426.0 0.0 7983.0 0.0 204.0 0.0 58.309 2.61 49.33 0.0 0.0 4.0 0.0 0.0 3.11 0.0 12.0 3.0
19/03/22 01:01:20 7426.0 0.0 7983.0 0.0 204.0 0.0 60.815 2.748 50.95 0.0 0.0 4.0 0.0 0.0 3.1 0.0 12.0 3.0
19/03/22 01:01:30 7425.0 0.0 7983.0 0.0 204.0 0.0 59.981 2.499 46.87 0.0 0.0 4.0 0.0 0.0 2.84 0.0 12.0 3.0
19/03/22 01:01:40 7424.0 0.0 7983.0 0.0 204.0 0.0 58.456 2.685 50.79 0.0 10.0 4.0 0.0 0.0 3.02 0.0 12.0 3.0
19/03/22 01:01:50 7423.0 0.0 7983.0 0.0 204.0 0.0 58.046 2.747 50.27 0.0 0.0 4.0 0.0 0.0 2.86 0.0 12.0 3.0
19/03/22 01:02:00 7423.0 0.0 7983.0 0.0 203.0 0.0 57.084 2.645 45.7 0.0 0.0 4.0 0.0 0.0 2.8 0.0 12.0 3.0
19/03/22 01:02:10 7422.0 0.0 7983.0 0.0 204.0 0.0 59.012 2.66 52.09 0.0 10.0 4.0 0.0 0.0 2.6 0.0 12.0 3.0
19/03/22 01:02:20 7421.0 0.0 7983.0 0.0 204.0 0.0 62.876 2.557 48.68 0.0 10.0 4.0 0.0 0.0 2.66 0.0 12.0 3.0
19/03/22 01:02:30 7421.0 0.0 7983.0 0.0 204.0 0.0 58.042 2.633 46.13 0.0 0.0 4.0 0.0 0.0 2.56 0.0 12.0 3.0
19/03/22 01:02:40 7420.0 0.0 7983.0 0.0 204.0 0.0 60.938 2.647 52.52 0.0 18.0 4.0 0.0 0.0 2.7 0.0 12.0 3.0
19/03/22 01:02:50 7419.0 0.0 7983.0 0.0 204.0 0.0 59.839 2.719 48.53 0.0 0.0 4.0 0.0 0.0 2.44 0.0 12.0 3.0
19/03/22 01:03:00 7418.0 0.0 7983.0 0.0 204.0 0.0 60.985 2.635 46.34 0.0 0.0 4.0 0.0 0.0 2.91 0.0 12.0 3.0
19/03/22 01:03:10 7418.0 0.0 7983.0 0.0 204.0 0.0 61.953 2.751 51.62 0.0 8.0 4.0 0.0 0.0 2.91 0.0 12.0 3.0
19/03/22 01:03:20 7414.0 0.0 7983.0 0.0 207.0 0.0 61.742 2.736 48.9 0.0 0.0 4.0 0.0 0.0 3.0 0.0 12.0 3.0
19/03/22 01:03:30 7413.0 0.0 7983.0 0.0 207.0 0.0 57.097 2.614 46.34 0.0 0.0 4.0 0.0 0.0 2.84 0.0 12.0 3.0
19/03/22 01:03:40 7412.0 0.0 7983.0 0.0 208.0 0.0 61.728 2.671 52.0 0.0 18.0 4.0 0.0 0.0 2.88 0.0 12.0 3.0
19/03/22 01:03:50 7410.0 0.0 7983.0 0.0 208.0 0.0 61.277 2.696 48.51 0.0 0.0 4.0 0.0 0.0 2.98 0.0 12.0 3.0
19/03/22 01:04:00 7410.0 0.0 7983.0 0.0 208.0 0.0 61.706 2.592 49.87 0.0 0.0 4.0 0.0 0.0 2.9 0.0 12.0 3.0
19/03/22 01:04:10 7407.0 0.0 7983.0 0.0 209.0 0.0 63.681 2.713 50.14 0.0 0.0 4.0 0.0 0.0 2.53 0.0 12.0 3.0
19/03/22 01:04:20 7407.0 0.0 7983.0 0.0 209.0 0.0 59.549 2.718 50.53 0.0 0.0 4.0 0.0 0.0 2.29 0.0 12.0 3.0
19/03/22 01:04:30 7406.0 0.0 7983.0 0.0 210.0 0.0 59.179 2.65 50.0 0.0 0.0 4.0 0.0 0.0 2.41 0.0 12.0 3.0
19/03/22 01:04:40 7405.0 0.0 7983.0 0.0 210.0 0.0 60.868 2.699 49.6 0.0 6.0 4.0 0.0 0.0 2.49 0.0 12.0 3.0
19/03/22 01:04:50 7404.0 0.0 7983.0 0.0 210.0 0.0 61.707 2.533 48.24 0.0 0.0 4.0 0.0 0.0 2.33 0.0 12.0 3.0
19/03/22 01:05:00 7404.0 0.0 7983.0 0.0 209.0 0.0 64.032 2.819 50.4 0.0 0.0 4.0 0.0 0.0 2.05 0.0 12.0 3.0
19/03/22 01:05:10 7405.0 0.0 7983.0 0.0 208.0 0.0 63.628 2.75 49.34 0.0 0.0 4.0 0.0 0.0 2.35 0.0 12.0 3.0
19/03/22 01:05:20 7404.0 0.0 7983.0 0.0 208.0 0.0 57.805 2.46 47.85 0.0 0.0 4.0 0.0 0.0 2.15 0.0 12.0 3.0
19/03/22 01:05:30 7404.0 0.0 7983.0 0.0 208.0 0.0 60.88 2.701 47.18 0.0 0.0 4.0 0.0 0.0 1.89 0.0 12.0 3.0
19/03/22 01:05:40 7403.0 0.0 7983.0 0.0 208.0 0.0 62.114 2.715 49.74 0.0 0.0 4.0 0.0 0.0 2.0 0.0 12.0 3.0
19/03/22 01:05:50 7402.0 0.0 7983.0 0.0 208.0 0.0 57.886 2.588 44.47 0.0 0.0 4.0 0.0 0.0 1.99 0.0 12.0 3.0
19/03/22 01:06:00 7401.0 0.0 7983.0 0.0 208.0 0.0 64.757 2.827 46.49 0.0 0.0 4.0 0.0 0.0 2.0 0.0 12.0 3.0
19/03/22 01:06:10 7400.0 0.0 7983.0 0.0 209.0 0.0 65.584 2.662 48.63 0.0 0.0 4.0 0.0 0.0 1.85 0.0 12.0 3.0
19/03/22 01:06:20 7399.0 0.0 7983.0 0.0 209.0 0.0 61.652 2.661 47.09 0.0 0.0 4.0 0.0 0.0 2.09 0.0 12.0 3.0
19/03/22 01:06:30 7399.0 0.0 7983.0 0.0 208.0 0.0 63.573 2.659 49.04 0.0 0.0 4.0 0.0 0.0 2.29 0.0 12.0 3.0
19/03/22 01:06:40 7398.0 0.0 7983.0 0.0 208.0 0.0 64.866 2.617 53.42 0.0 0.0 4.0 0.0 0.0 2.42 0.0 12.0 3.0
19/03/22 01:06:50 7397.0 0.0 7983.0 0.0 209.0 0.0 63.134 2.626 47.41 0.0 0.0 4.0 0.0 0.0 2.2 0.0 12.0 3.0
19/03/22 01:07:00 7396.0 0.0 7983.0 0.0 209.0 0.0 67.408 2.729 46.32 0.0 0.0 4.0 0.0 0.0 1.94 0.0 12.0 3.0
19/03/22 01:07:10 7396.0 0.0 7983.0 0.0 208.0 0.0 65.314 2.639 49.32 0.0 0.0 4.0 0.0 0.0 2.08 0.0 12.0 3.0
19/03/22 01:07:20 7395.0 0.0 7983.0 0.0 209.0 0.0 61.339 2.585 51.44 0.0 0.0 4.0 0.0 0.0 2.14 0.0 12.0 3.0
19/03/22 01:07:30 7394.0 0.0 7983.0 0.0 209.0 0.0 63.456 2.563 48.64 0.0 0.0 4.0 0.0 0.0 2.2 0.0 12.0 3.0
19/03/22 01:07:40 7394.0 0.0 7983.0 0.0 209.0 0.0 63.887 2.746 48.63 0.0 0.0 4.0 0.0 0.0 2.33 0.0 12.0 3.0
19/03/22 01:07:50 7393.0 0.0 7983.0 0.0 209.0 0.0 62.098 2.602 45.97 0.0 0.0 4.0 0.0 0.0 2.35 0.0 12.0 3.0
19/03/22 01:08:00 7393.0 0.0 7983.0 0.0 208.0 0.0 67.011 2.824 46.8 0.0 0.0 4.0 0.0 0.0 2.47 0.0 12.0 3.0
19/03/22 01:08:10 7392.0 0.0 7983.0 0.0 208.0 0.0 65.701 2.661 49.31 0.0 0.0 4.0 0.0 0.0 2.41 0.0 12.0 3.0
19/03/22 01:08:20 7391.0 0.0 7983.0 0.0 208.0 0.0 64.679 2.669 50.4 0.0 0.0 4.0 0.0 0.0 2.04 0.0 12.0 3.0
19/03/22 01:08:30 7390.0 0.0 7983.0 0.0 208.0 0.0 64.856 2.715 51.59 0.0 0.0 4.0 0.0 0.0 1.95 0.0 12.0 3.0
19/03/22 01:08:40 7390.0 0.0 7983.0 0.0 208.0 0.0 64.067 2.765 47.8 0.0 0.0 4.0 0.0 0.0 2.11 0.0 12.0 3.0
19/03/22 01:08:50 7389.0 0.0 7983.0 0.0 208.0 0.0 63.948 2.679 49.73 0.0 0.0 4.0 0.0 0.0 2.18 0.0 12.0 3.0
19/03/22 01:09:00 7389.0 0.0 7983.0 0.0 208.0 0.0 66.155 2.799 50.0 0.0 0.0 4.0 0.0 0.0 2.29 0.0 12.0 3.0
19/03/22 01:09:10 7388.0 0.0 7983.0 0.0 208.0 0.0 66.148 2.71 50.0 0.0 0.0 4.0 0.0 0.0 2.38 0.0 12.0 3.0
19/03/22 01:09:20 7387.0 0.0 7983.0 0.0 208.0 0.0 65.803 2.69 49.59 0.0 0.0 4.0 0.0 0.0 2.31 0.0 12.0 3.0
19/03/22 01:09:30 7386.0 0.0 7983.0 0.0 209.0 0.0 64.676 2.698 47.53 0.0 0.0 4.0 0.0 0.0 2.49 0.0 12.0 3.0
19/03/22 01:09:40 7385.0 0.0 7983.0 0.0 209.0 0.0 64.944 2.71 50.58 0.0 0.0 4.0 0.0 0.0 2.42 0.0 12.0 3.0
19/03/22 01:09:50 7385.0 0.0 7983.0 0.0 208.0 0.0 64.452 2.583 47.24 0.0 0.0 4.0 0.0 0.0 2.73 0.0 12.0 3.0
19/03/22 01:10:00 7384.0 0.0 7983.0 0.0 208.0 0.0 65.404 2.761 47.43 0.0 0.0 4.0 0.0 0.0 2.47 0.0 12.0 3.0
19/03/22 01:10:10 7383.0 0.0 7983.0 0.0 208.0 0.0 61.323 2.58 47.71 0.0 0.0 4.0 0.0 0.0 2.63 0.0 12.0 3.0
19/03/22 01:10:20 7383.0 0.0 7983.0 0.0 208.0 0.0 65.385 2.687 48.67 0.0 4.0 4.0 0.0 0.0 2.7 0.0 12.0 3.0
19/03/22 01:10:30 7382.0 0.0 7983.0 0.0 208.0 0.0 64.832 2.635 48.26 0.0 4.0 4.0 0.0 0.0 2.28 0.0 12.0 3.0
19/03/22 01:10:40 7381.0 0.0 7983.0 0.0 208.0 0.0 62.55 2.647 48.92 0.0 4.0 4.0 0.0 0.0 2.25 0.0 12.0 3.0
19/03/22 01:10:50 7381.0 0.0 7983.0 0.0 208.0 0.0 61.252 2.661 48.09 0.0 4.0 4.0 0.0 0.0 1.98 0.0 12.0 3.0
19/03/22 01:11:00 7380.0 0.0 7983.0 0.0 208.0 0.0 64.557 2.704 49.61 0.0 4.0 4.0 0.0 0.0 1.97 0.0 12.0 3.0
19/03/22 01:11:10 7379.0 0.0 7983.0 0.0 208.0 0.0 64.014 2.665 49.6 0.0 4.0 4.0 0.0 0.0 2.53 0.0 12.0 3.0
19/03/22 01:11:20 7379.0 0.0 7983.0 0.0 208.0 0.0 66.025 2.681 48.64 0.0 4.0 4.0 0.0 0.0 2.46 0.0 12.0 3.0
19/03/22 01:11:30 7378.0 0.0 7983.0 0.0 208.0 0.0 64.464 2.655 51.37 0.0 4.0 4.0 0.0 0.0 2.31 0.0 12.0 3.0
19/03/22 01:11:40 7378.0 0.0 7983.0 0.0 208.0 0.0 65.148 2.645 49.05 0.0 0.0 4.0 0.0 0.0 1.95 0.0 12.0 3.0
19/03/22 01:11:50 7376.0 0.0 7983.0 0.0 208.0 0.0 65.574 2.681 46.76 0.0 0.0 4.0 0.0 0.0 1.87 0.0 12.0 3.0
19/03/22 01:12:00 7376.0 0.0 7983.0 0.0 208.0 0.0 66.181 2.705 48.57 0.0 2.0 4.0 0.0 0.0 1.58 0.0 12.0 3.0
19/03/22 01:12:10 7375.0 0.0 7983.0 0.0 208.0 0.0 65.664 2.616 48.35 0.0 0.0 4.0 0.0 0.0 1.78 0.0 12.0 3.0
19/03/22 01:12:20 7374.0 0.0 7983.0 0.0 208.0 0.0 64.011 2.68 48.28 0.0 0.0 4.0 0.0 0.0 2.35 0.0 12.0 3.0
19/03/22 01:12:30 7374.0 0.0 7983.0 0.0 208.0 0.0 0.0 0.0 0.25 0.0 4.0 4.0 0.0 0.0 1.99 0.0 12.0 3.0
19/03/22 01:12:40 7374.0 0.0 7983.0 0.0 208.0 0.0 0.0 0.0 0.0 0.0 0.0 4.0 0.0 0.0 1.68 0.0 12.0 3.0
19/03/22 01:12:50 7354.0 0.0 7983.0 0.0 228.0 0.0 0.0 0.0 0.0 0.0 33.0 4.0 0.0 0.0 1.42 0.0 12.0 3.0
19/03/22 01:13:00 7411.0 0.0 7983.0 0.0 173.0 0.0 -0.751 0.003 3.95 0.0 12.0 4.0 0.0 0.0 1.2 0.0 8.0 3.0
19/03/22 01:13:10 7410.0 0.0 7983.0 0.0 173.0 0.0 0.0 0.0 1.0 0.0 0.0 4.0 0.0 0.0 1.02 0.0 8.0 3.0
19/03/22 01:13:20 7434.0 0.0 7983.0 0.0 150.0 0.0 0.0 0.0 0.0 0.0 0.0 4.0 0.0 0.0 0.86 0.0 8.0 3.0
19/03/22 01:13:30 7434.0 0.0 7983.0 0.0 150.0 0.0 0.0 0.0 0.0 0.0 0.0 4.0 0.0 0.0 0.73 0.0 8.0 3.0
19/03/22 01:13:40 7434.0 0.0 7983.0 0.0 150.0 0.0 0.0 0.0 0.0 0.0 0.0 4.0 0.0 0.0 0.61 0.0 8.0 3.0
19/03/22 01:13:50 7434.0 0.0 7983.0 0.0 150.0 0.0 0.0 0.0 0.25 0.0 0.0 4.0 0.0 0.0 0.52 0.0 8.0 3.0
19/03/22 01:14:00 7434.0 0.0 7983.0 0.0 150.0 0.0 0.0 0.0 0.0 0.0 0.0 4.0 0.0 0.0 0.44 0.0 8.0 3.0
19/03/22 01:14:10 7434.0 0.0 7983.0 0.0 150.0 0.0 0.0 0.0 0.0 0.0 0.0 4.0 0.0 0.0 0.37 0.0 8.0 3.0
19/03/22 01:14:20 7409.0 0.0 7983.0 0.0 174.0 0.0 0.0 0.0 0.0 0.0 305.0 4.0 0.0 0.0 0.31 0.0 8.0 3.0
19/03/22 01:14:30 7385.0 0.0 7983.0 0.0 196.0 0.0 0.0 0.001 32.8 0.0 0.0 4.0 0.0 0.0 0.35 0.0 12.0 3.0
19/03/22 01:14:40 7384.0 0.0 7983.0 0.0 197.0 0.0 0.0 0.0 1.25 2.0 8.0 4.0 0.0 0.0 0.29 0.0 12.0 3.0
19/03/22 01:14:50 7406.0 0.0 7983.0 0.0 175.0 0.0 0.0 0.0 0.76 0.0 0.0 4.0 0.0 0.0 0.25 0.0 12.0 3.0
19/03/22 01:15:00 7409.0 0.0 7983.0 0.0 173.0 0.0 0.0 0.0 0.0 0.0 0.0 4.0 0.0 0.0 0.21 0.0 12.0 3.0
19/03/22 01:15:10 7409.0 0.0 7983.0 0.0 173.0 0.0 0.0 0.0 0.0 0.0 0.0 4.0 0.0 0.0 0.18 0.0 12.0 3.0
19/03/22 01:15:20 7408.0 0.0 7983.0 0.0 173.0 0.0 0.0 0.0 0.0 0.0 4.0 4.0 0.0 0.0 0.15 0.0 12.0 3.0
19/03/22 01:15:30 7408.0 0.0 7983.0 0.0 173.0 0.0 0.0 0.0 0.0 0.0 0.0 4.0 0.0 0.0 0.12 0.0 12.0 3.0
19/03/22 01:15:40 7408.0 0.0 7983.0 0.0 173.0 0.0 0.0 0.0 0.25 0.0 0.0 4.0 0.0 0.0 0.1 0.0 12.0 3.0
19/03/22 01:15:50 7409.0 0.0 7983.0 0.0 173.0 0.0 0.0 0.0 0.25 0.0 2.0 4.0 0.0 0.0 0.09 0.0 12.0 3.0
19/03/22 01:16:00 7409.0 0.0 7983.0 0.0 172.0 0.0 0.0 0.0 1.0 0.0 0.0 4.0 0.0 0.0 0.07 0.0 12.0 3.0
19/03/22 01:16:10 7409.0 0.0 7983.0 0.0 172.0 0.0 0.0 0.006 0.25 0.0 0.0 4.0 0.0 0.0 0.06 0.0 12.0 3.0
19/03/22 01:16:20 7409.0 0.0 7983.0 0.0 172.0 0.0 0.0 0.006 0.5 0.0 0.0 4.0 0.0 0.0 0.05 0.0 12.0 3.0
19/03/22 01:16:30 7409.0 0.0 7983.0 0.0 172.0 0.0 0.0 0.006 0.0 0.0 0.0 4.0 0.0 0.0 0.04 0.0 12.0 3.0
19/03/22 01:16:40 7409.0 0.0 7983.0 0.0 173.0 0.0 0.0 0.005 1.0 0.0 0.0 4.0 0.0 0.0 0.04 0.0 12.0 3.0
19/03/22 01:16:50 7409.0 0.0 7983.0 0.0 173.0 0.0 0.0 0.0 0.0 0.0 0.0 4.0 0.0 0.0 0.03 0.0 12.0 3.0
19/03/22 01:17:00 7391.0 0.0 7983.0 0.0 189.0 0.0 19.258 1.779 8.95 0.0 16.0 4.0 0.0 0.0 0.03 0.0 12.0 3.0
19/03/22 01:17:10 7380.0 0.0 7983.0 0.0 198.0 0.0 75.473 3.291 55.43 0.0 12.0 4.0 0.0 0.0 0.17 0.0 12.0 3.0
19/03/22 01:17:20 7376.0 0.0 7983.0 0.0 202.0 0.0 81.797 3.178 57.71 0.0 0.0 4.0 0.0 0.0 0.6 0.0 12.0 3.0
19/03/22 01:17:30 7374.0 0.0 7983.0 0.0 203.0 0.0 80.028 3.205 55.0 0.0 0.0 4.0 0.0 0.0 0.88 0.0 12.0 3.0
19/03/22 01:17:40 7373.0 0.0 7983.0 0.0 203.0 0.0 80.228 3.207 55.04 0.0 0.0 4.0 0.0 0.0 1.14 0.0 12.0 3.0
19/03/22 01:17:50 7373.0 0.0 7983.0 0.0 203.0 0.0 79.428 3.177 51.38 0.0 0.0 4.0 0.0 0.0 1.5 0.0 12.0 3.0
19/03/22 01:18:00 7372.0 0.0 7983.0 0.0 203.0 0.0 80.387 3.155 54.47 0.0 0.0 4.0 0.0 0.0 1.38 0.0 12.0 3.0
19/03/22 01:18:10 7371.0 0.0 7983.0 0.0 203.0 0.0 75.808 3.028 56.08 0.0 0.0 4.0 0.0 0.0 1.63 0.0 12.0 3.0
19/03/22 01:18:20 7370.0 0.0 7983.0 0.0 203.0 0.0 75.298 2.939 56.18 0.0 0.0 4.0 0.0 0.0 2.0 0.0 12.0 3.0
19/03/22 01:18:30 7369.0 0.0 7983.0 0.0 203.0 0.0 74.073 2.96 54.22 0.0 0.0 4.0 0.0 0.0 2.08 0.0 12.0 3.0
19/03/22 01:18:40 7367.0 0.0 7983.0 0.0 204.0 0.0 75.192 2.899 52.37 0.0 0.0 4.0 0.0 0.0 2.16 0.0 12.0 3.0
19/03/22 01:18:50 7367.0 0.0 7983.0 0.0 204.0 0.0 75.527 3.012 53.17 0.0 0.0 4.0 0.0 0.0 2.15 0.0 12.0 3.0
19/03/22 01:19:00 7365.0 0.0 7983.0 0.0 205.0 0.0 76.075 3.048 50.14 0.0 0.0 4.0 0.0 0.0 2.04 0.0 12.0 3.0
19/03/22 01:19:10 7362.0 0.0 7983.0 0.0 207.0 0.0 73.051 2.973 52.75 0.0 0.0 4.0 0.0 0.0 2.03 0.0 12.0 3.0
19/03/22 01:19:20 7361.0 0.0 7983.0 0.0 207.0 0.0 72.993 2.863 53.53 0.0 0.0 4.0 0.0 0.0 2.26 0.0 12.0 3.0
19/03/22 01:19:30 7360.0 0.0 7983.0 0.0 207.0 0.0 72.554 2.837 52.45 0.0 0.0 4.0 0.0 0.0 2.29 0.0 12.0 3.0
19/03/22 01:19:40 7359.0 0.0 7983.0 0.0 207.0 0.0 74.198 2.868 53.66 0.0 0.0 4.0 0.0 0.0 2.17 0.0 12.0 3.0
19/03/22 01:19:50 7361.0 0.0 7983.0 0.0 205.0 0.0 73.264 2.881 53.49 0.0 0.0 4.0 0.0 0.0 1.91 0.0 12.0 3.0
19/03/22 01:20:00 7361.0 0.0 7983.0 0.0 204.0 0.0 74.474 2.924 53.32 0.0 0.0 4.0 0.0 0.0 2.46 0.0 12.0 3.0
19/03/22 01:20:10 7361.0 0.0 7983.0 0.0 204.0 0.0 73.735 2.88 52.29 0.0 0.0 4.0 0.0 0.0 2.7 0.0 12.0 3.0
19/03/22 01:20:20 7360.0 0.0 7983.0 0.0 204.0 0.0 70.209 2.782 53.1 0.0 0.0 4.0 0.0 0.0 3.06 0.0 12.0 3.0
19/03/22 01:20:30 7359.0 0.0 7983.0 0.0 204.0 0.0 70.475 2.846 56.63 0.0 0.0 4.0 0.0 0.0 3.04 0.0 12.0 3.0
19/03/22 01:20:40 7358.0 0.0 7983.0 0.0 204.0 0.0 70.895 2.688 52.2 0.0 0.0 4.0 0.0 0.0 2.73 0.0 12.0 3.0
19/03/22 01:20:50 7357.0 0.0 7983.0 0.0 204.0 0.0 70.045 2.783 49.18 0.0 0.0 4.0 0.0 0.0 3.07 0.0 12.0 3.0
19/03/22 01:21:00 7356.0 0.0 7983.0 0.0 204.0 0.0 71.39 2.863 52.38 0.0 0.0 4.0 0.0 0.0 2.92 0.0 12.0 3.0
19/03/22 01:21:10 7356.0 0.0 7983.0 0.0 204.0 0.0 69.583 2.712 50.53 0.0 0.0 4.0 0.0 0.0 2.77 0.0 12.0 3.0
19/03/22 01:21:20 7354.0 0.0 7983.0 0.0 205.0 0.0 67.315 2.733 50.41 0.0 0.0 4.0 0.0 0.0 2.57 0.0 12.0 3.0
19/03/22 01:21:30 7351.0 0.0 7983.0 0.0 207.0 0.0 68.375 2.735 48.21 0.0 0.0 4.0 0.0 0.0 2.33 0.0 12.0 3.0
19/03/22 01:21:40 7351.0 0.0 7983.0 0.0 207.0 0.0 68.351 2.717 49.05 0.0 0.0 4.0 0.0 0.0 2.27 0.0 12.0 3.0
19/03/22 01:21:50 7350.0 0.0 7983.0 0.0 207.0 0.0 69.166 2.735 48.48 0.0 4.0 4.0 0.0 0.0 2.07 0.0 12.0 3.0
19/03/22 01:22:00 7349.0 0.0 7983.0 0.0 207.0 0.0 68.768 2.738 50.4 0.0 6.0 4.0 0.0 0.0 2.4 0.0 12.0 3.0
19/03/22 01:22:10 7348.0 0.0 7983.0 0.0 207.0 0.0 68.564 2.674 49.59 0.0 4.0 4.0 0.0 0.0 2.32 0.0 12.0 3.0
19/03/22 01:22:20 7349.0 0.0 7983.0 0.0 206.0 0.0 67.092 2.616 49.31 0.0 4.0 4.0 0.0 0.0 2.65 0.0 12.0 3.0
19/03/22 01:22:30 7349.0 0.0 7983.0 0.0 205.0 0.0 67.716 2.735 51.65 0.0 6.0 4.0 0.0 0.0 2.62 0.0 12.0 3.0
19/03/22 01:22:40 7348.0 0.0 7983.0 0.0 205.0 0.0 65.144 2.529 47.59 0.0 4.0 4.0 0.0 0.0 2.67 0.0 12.0 3.0
19/03/22 01:22:50 7348.0 0.0 7983.0 0.0 205.0 0.0 68.097 2.647 50.14 0.0 4.0 4.0 0.0 0.0 2.72 0.0 12.0 3.0
19/03/22 01:23:00 7347.0 0.0 7983.0 0.0 205.0 0.0 68.944 2.65 49.74 0.0 6.0 4.0 0.0 0.0 2.91 0.0 12.0 3.0
19/03/22 01:23:10 7347.0 0.0 7983.0 0.0 204.0 0.0 66.178 2.609 50.41 0.0 4.0 4.0 0.0 0.0 3.16 0.0 12.0 3.0
19/03/22 01:23:20 7348.0 0.0 7983.0 0.0 203.0 0.0 66.122 2.693 49.2 0.0 4.0 4.0 0.0 0.0 2.67 0.0 12.0 3.0
19/03/22 01:23:30 7347.0 0.0 7983.0 0.0 203.0 0.0 67.164 2.592 47.43 0.0 6.0 4.0 0.0 0.0 2.41 0.0 12.0 3.0
19/03/22 01:23:40 7345.0 0.0 7983.0 0.0 204.0 0.0 66.169 2.66 47.17 0.0 0.0 4.0 0.0 0.0 2.33 0.0 12.0 3.0
19/03/22 01:23:50 7346.0 0.0 7983.0 0.0 203.0 0.0 66.748 2.626 48.52 0.0 0.0 4.0 0.0 0.0 2.83 0.0 12.0 3.0
19/03/22 01:24:00 7344.0 0.0 7983.0 0.0 204.0 0.0 68.981 2.672 47.73 0.0 0.0 4.0 0.0 0.0 2.61 0.0 12.0 3.0
19/03/22 01:24:10 7344.0 0.0 7983.0 0.0 203.0 0.0 66.845 2.64 48.25 0.0 0.0 4.0 0.0 0.0 2.75 0.0 12.0 3.0
19/03/22 01:24:20 7344.0 0.0 7983.0 0.0 203.0 0.0 63.723 2.545 47.19 0.0 0.0 4.0 0.0 0.0 2.33 0.0 12.0 3.0
19/03/22 01:24:30 7343.0 0.0 7983.0 0.0 203.0 0.0 65.059 2.612 51.32 0.0 0.0 4.0 0.0 0.0 2.26 0.0 12.0 3.0
19/03/22 01:24:40 7342.0 0.0 7983.0 0.0 203.0 0.0 65.999 2.534 49.2 0.0 0.0 4.0 0.0 0.0 2.32 0.0 12.0 3.0
19/03/22 01:24:50 7341.0 0.0 7983.0 0.0 204.0 0.0 66.419 2.613 50.54 0.0 0.0 4.0 0.0 0.0 2.27 0.0 12.0 3.0
19/03/22 01:25:00 7339.0 0.0 7983.0 0.0 205.0 0.0 66.385 2.639 46.38 0.0 0.0 4.0 0.0 0.0 2.24 0.0 12.0 3.0
19/03/22 01:25:10 7338.0 0.0 7983.0 0.0 205.0 0.0 66.045 2.657 46.84 0.0 0.0 4.0 0.0 0.0 2.35 0.0 12.0 3.0
19/03/22 01:25:20 7337.0 0.0 7983.0 0.0 205.0 0.0 66.112 2.698 46.3 0.0 0.0 4.0 0.0 0.0 2.53 0.0 12.0 3.0
19/03/22 01:25:30 7336.0 0.0 7983.0 0.0 205.0 0.0 66.43 2.598 48.39 0.0 0.0 4.0 0.0 0.0 2.44 0.0 12.0 3.0
19/03/22 01:25:40 7336.0 0.0 7983.0 0.0 205.0 0.0 65.09 2.606 47.97 0.0 0.0 4.0 0.0 0.0 2.29 0.0 12.0 3.0
19/03/22 01:25:50 7334.0 0.0 7983.0 0.0 206.0 0.0 64.932 2.664 49.6 0.0 0.0 4.0 0.0 0.0 2.3 0.0 12.0 3.0
19/03/22 01:26:00 7334.0 0.0 7983.0 0.0 206.0 0.0 66.102 2.71 47.0 0.0 0.0 4.0 0.0 0.0 2.1 0.0 12.0 3.0
19/03/22 01:26:10 7334.0 0.0 7983.0 0.0 205.0 0.0 66.709 2.65 46.63 0.0 0.0 4.0 0.0 0.0 2.32 0.0 12.0 3.0
19/03/22 01:26:20 7337.0 0.0 7983.0 0.0 202.0 0.0 65.995 2.613 45.3 0.0 0.0 4.0 0.0 0.0 2.43 0.0 12.0 3.0
19/03/22 01:26:30 7336.0 0.0 7983.0 0.0 202.0 0.0 64.329 2.638 46.03 0.0 0.0 4.0 0.0 0.0 2.35 0.0 12.0 3.0
19/03/22 01:26:40 7334.0 0.0 7983.0 0.0 203.0 0.0 65.948 2.648 48.37 0.0 0.0 4.0 0.0 0.0 2.14 0.0 12.0 3.0
19/03/22 01:26:50 7333.0 0.0 7983.0 0.0 203.0 0.0 64.714 2.546 45.73 0.0 0.0 4.0 0.0 0.0 2.04 0.0 12.0 3.0
19/03/22 01:27:00 7332.0 0.0 7983.0 0.0 204.0 0.0 65.95 2.692 45.7 0.0 0.0 4.0 0.0 0.0 2.26 0.0 12.0 3.0
19/03/22 01:27:10 7331.0 0.0 7983.0 0.0 204.0 0.0 67.457 2.582 48.24 0.0 0.0 4.0 0.0 0.0 2.29 0.0 12.0 3.0
19/03/22 01:27:20 7330.0 0.0 7983.0 0.0 204.0 0.0 65.085 2.595 48.91 0.0 0.0 4.0 0.0 0.0 2.32 0.0 12.0 3.0
19/03/22 01:27:30 7330.0 0.0 7983.0 0.0 203.0 0.0 67.057 2.637 45.33 0.0 0.0 4.0 0.0 0.0 2.82 0.0 12.0 3.0
19/03/22 01:27:40 7329.0 0.0 7983.0 0.0 203.0 0.0 64.115 2.622 49.32 0.0 0.0 4.0 0.0 0.0 3.32 0.0 12.0 3.0
19/03/22 01:27:50 7329.0 0.0 7983.0 0.0 203.0 0.0 66.169 2.581 48.53 0.0 0.0 4.0 0.0 0.0 3.19 0.0 12.0 3.0
19/03/22 01:28:00 7328.0 0.0 7983.0 0.0 204.0 0.0 66.638 2.658 47.2 0.0 0.0 4.0 0.0 0.0 2.7 0.0 12.0 3.0
19/03/22 01:28:10 7327.0 0.0 7983.0 0.0 204.0 0.0 64.087 2.577 47.01 0.0 0.0 4.0 0.0 0.0 2.36 0.0 12.0 3.0
19/03/22 01:28:20 7327.0 0.0 7983.0 0.0 203.0 0.0 66.842 2.615 50.13 0.0 0.0 4.0 0.0 0.0 2.15 0.0 12.0 3.0
19/03/22 01:28:30 7326.0 0.0 7983.0 0.0 203.0 0.0 64.85 2.586 46.63 0.0 0.0 4.0 0.0 0.0 2.12 0.0 12.0 3.0
19/03/22 01:28:40 7325.0 0.0 7983.0 0.0 203.0 0.0 66.139 2.657 49.45 0.0 0.0 4.0 0.0 0.0 2.57 0.0 12.0 3.0
19/03/22 01:28:50 7324.0 0.0 7983.0 0.0 204.0 0.0 64.941 2.599 47.93 0.0 0.0 4.0 0.0 0.0 2.49 0.0 12.0 3.0
19/03/22 01:29:00 7324.0 0.0 7983.0 0.0 203.0 0.0 65.738 2.707 47.06 0.0 0.0 4.0 0.0 0.0 2.58 0.0 12.0 3.0
19/03/22 01:29:10 7323.0 0.0 7983.0 0.0 204.0 0.0 67.222 2.653 48.21 0.0 0.0 4.0 0.0 0.0 2.48 0.0 12.0 3.0
19/03/22 01:29:20 7323.0 0.0 7983.0 0.0 203.0 0.0 66.396 2.652 50.27 0.0 0.0 4.0 0.0 0.0 2.4 0.0 12.0 3.0
19/03/22 01:29:30 7322.0 0.0 7983.0 0.0 203.0 0.0 66.1 2.681 45.98 0.0 4.0 4.0 0.0 0.0 2.43 0.0 12.0 3.0
19/03/22 01:29:40 7320.0 0.0 7983.0 0.0 204.0 0.0 66.968 2.687 49.72 0.0 0.0 4.0 0.0 0.0 2.21 0.0 12.0 3.0
19/03/22 01:29:50 7320.0 0.0 7983.0 0.0 204.0 0.0 65.906 2.622 47.98 0.0 0.0 4.0 0.0 0.0 2.41 0.0 12.0 3.0
19/03/22 01:30:00 7320.0 0.0 7983.0 0.0 203.0 0.0 68.031 2.721 45.36 0.0 4.0 4.0 0.0 0.0 2.11 0.0 12.0 3.0
19/03/22 01:30:10 7319.0 0.0 7983.0 0.0 203.0 0.0 66.551 2.653 49.6 0.0 0.0 4.0 0.0 0.0 2.16 0.0 12.0 3.0
19/03/22 01:30:20 7318.0 0.0 7983.0 0.0 204.0 0.0 64.153 2.632 48.12 0.0 0.0 4.0 0.0 0.0 2.12 0.0 12.0 3.0
19/03/22 01:30:30 7317.0 0.0 7983.0 0.0 204.0 0.0 66.914 2.632 49.31 0.0 10.0 4.0 0.0 0.0 2.49 0.0 12.0 3.0
19/03/22 01:30:40 7317.0 0.0 7983.0 0.0 203.0 0.0 65.816 2.692 48.11 0.0 0.0 4.0 0.0 0.0 2.34 0.0 12.0 3.0
19/03/22 01:30:50 7317.0 0.0 7983.0 0.0 203.0 0.0 65.328 2.655 48.08 0.0 0.0 4.0 0.0 0.0 2.75 0.0 12.0 3.0
19/03/22 01:31:00 7315.0 0.0 7983.0 0.0 203.0 0.0 69.69 2.797 47.25 0.0 4.0 4.0 0.0 0.0 2.57 0.0 12.0 3.0
19/03/22 01:31:10 7315.0 0.0 7983.0 0.0 203.0 0.0 67.308 2.622 46.93 0.0 0.0 4.0 0.0 0.0 2.35 0.0 12.0 3.0
19/03/22 01:31:20 7314.0 0.0 7983.0 0.0 204.0 0.0 65.015 2.697 51.63 0.0 0.0 4.0 0.0 0.0 2.15 0.0 12.0 3.0
19/03/22 01:31:30 7313.0 0.0 7983.0 0.0 203.0 0.0 67.485 2.631 49.6 0.0 4.0 4.0 0.0 0.0 2.33 0.0 12.0 3.0
19/03/22 01:31:40 7310.0 0.0 7983.0 0.0 206.0 0.0 66.041 2.702 49.45 0.0 4.0 4.0 0.0 0.0 2.66 0.0 12.0 3.0
19/03/22 01:31:50 7308.0 0.0 7983.0 0.0 207.0 0.0 66.159 2.69 45.84 0.0 6.0 4.0 0.0 0.0 2.4 0.0 12.0 3.0
19/03/22 01:32:00 7308.0 0.0 7983.0 0.0 207.0 0.0 69.6 2.769 47.83 0.0 4.0 4.0 0.0 0.0 2.11 0.0 12.0 3.0
19/03/22 01:32:10 7307.0 0.0 7983.0 0.0 207.0 0.0 68.289 2.65 47.65 0.0 0.0 4.0 0.0 0.0 2.32 0.0 12.0 3.0
19/03/22 01:32:20 7307.0 0.0 7983.0 0.0 207.0 0.0 65.63 2.661 49.32 0.0 0.0 4.0 0.0 0.0 2.51 0.0 12.0 3.0
19/03/22 01:32:30 7306.0 0.0 7983.0 0.0 207.0 0.0 69.211 2.647 49.73 0.0 4.0 4.0 0.0 0.0 2.5 0.0 12.0 3.0
19/03/22 01:32:40 7305.0 0.0 7983.0 0.0 207.0 0.0 67.57 2.759 49.46 0.0 0.0 4.0 0.0 0.0 2.81 0.0 12.0 3.0
19/03/22 01:32:50 7305.0 0.0 7983.0 0.0 206.0 0.0 67.247 2.65 48.63 0.0 0.0 4.0 0.0 0.0 2.38 0.0 12.0 3.0
19/03/22 01:33:00 7304.0 0.0 7983.0 0.0 206.0 0.0 68.9 2.74 47.28 0.0 0.0 4.0 0.0 0.0 2.33 0.0 12.0 3.0
19/03/22 01:33:10 7303.0 0.0 7983.0 0.0 206.0 0.0 68.579 2.675 48.24 0.0 0.0 4.0 0.0 0.0 2.12 0.0 12.0 3.0
19/03/22 01:33:20 7302.0 0.0 7983.0 0.0 206.0 0.0 67.695 2.717 49.72 0.0 0.0 4.0 0.0 0.0 2.26 0.0 12.0 3.0
19/03/22 01:33:30 7301.0 0.0 7983.0 0.0 206.0 0.0 67.5 2.791 49.6 0.0 0.0 4.0 0.0 0.0 1.99 0.0 12.0 3.0
19/03/22 01:33:40 7300.0 0.0 7983.0 0.0 207.0 0.0 67.16 2.732 46.94 0.0 0.0 4.0 0.0 0.0 2.08 0.0 12.0 3.0
19/03/22 01:33:50 7300.0 0.0 7983.0 0.0 207.0 0.0 68.673 2.709 47.68 0.0 0.0 4.0 0.0 0.0 2.51 0.0 12.0 3.0
19/03/22 01:34:00 7299.0 0.0 7983.0 0.0 207.0 0.0 68.851 2.764 47.5 0.0 0.0 4.0 0.0 0.0 2.27 0.0 12.0 3.0
19/03/22 01:34:10 7299.0 0.0 7983.0 0.0 206.0 0.0 67.547 2.668 50.41 0.0 0.0 4.0 0.0 0.0 2.46 0.0 12.0 3.0
19/03/22 01:34:20 7298.0 0.0 7983.0 0.0 206.0 0.0 66.995 2.599 50.27 0.0 0.0 4.0 0.0 0.0 2.3 0.0 12.0 3.0
19/03/22 01:34:30 7298.0 0.0 7983.0 0.0 206.0 0.0 65.892 2.63 49.87 0.0 0.0 4.0 0.0 0.0 2.19 0.0 12.0 3.0
19/03/22 01:34:40 7296.0 0.0 7983.0 0.0 207.0 0.0 67.875 2.688 50.68 0.0 0.0 4.0 0.0 0.0 2.69 0.0 12.0 3.0
19/03/22 01:34:50 7296.0 0.0 7983.0 0.0 207.0 0.0 67.058 2.681 49.6 0.0 0.0 4.0 0.0 0.0 2.35 0.0 12.0 3.0
19/03/22 01:35:00 7295.0 0.0 7983.0 0.0 207.0 0.0 66.034 2.818 48.29 0.0 0.0 4.0 0.0 0.0 2.37 0.0 12.0 3.0
19/03/22 01:35:10 7294.0 0.0 7983.0 0.0 207.0 0.0 68.531 2.753 50.14 0.0 0.0 4.0 0.0 0.0 2.16 0.0 12.0 3.0
19/03/22 01:35:20 7293.0 0.0 7983.0 0.0 207.0 0.0 66.948 2.77 49.04 0.0 0.0 4.0 0.0 0.0 2.21 0.0 12.0 3.0
19/03/22 01:35:30 7293.0 0.0 7983.0 0.0 207.0 0.0 67.468 2.65 48.9 0.0 0.0 4.0 0.0 0.0 2.4 0.0 12.0 3.0
19/03/22 01:35:40 7292.0 0.0 7983.0 0.0 207.0 0.0 67.805 2.751 46.03 0.0 0.0 4.0 0.0 0.0 2.11 0.0 12.0 3.0
19/03/22 01:35:50 7291.0 0.0 7983.0 0.0 207.0 0.0 68.249 2.704 48.33 0.0 0.0 4.0 0.0 0.0 2.17 0.0 12.0 3.0
19/03/22 01:36:00 7291.0 0.0 7983.0 0.0 207.0 0.0 68.1 2.759 48.53 0.0 0.0 4.0 0.0 0.0 2.21 0.0 12.0 3.0
19/03/22 01:36:10 7290.0 0.0 7983.0 0.0 207.0 0.0 66.421 2.66 50.68 0.0 0.0 4.0 0.0 0.0 2.1 0.0 12.0 3.0
19/03/22 01:36:20 7289.0 0.0 7983.0 0.0 207.0 0.0 68.003 2.707 51.21 0.0 4.0 4.0 0.0 0.0 2.07 0.0 12.0 3.0
19/03/22 01:36:30 7289.0 0.0 7983.0 0.0 207.0 0.0 66.229 2.684 46.39 0.0 6.0 4.0 0.0 0.0 2.07 0.0 12.0 3.0
19/03/22 01:36:40 7288.0 0.0 7983.0 0.0 207.0 0.0 67.648 2.638 48.91 0.0 4.0 4.0 0.0 0.0 2.14 0.0 12.0 3.0
19/03/22 01:36:50 7287.0 0.0 7983.0 0.0 207.0 0.0 66.254 2.686 47.21 0.0 4.0 4.0 0.0 0.0 2.11 0.0 12.0 3.0
19/03/22 01:37:00 7287.0 0.0 7983.0 0.0 206.0 0.0 67.892 2.739 46.67 0.0 4.0 4.0 0.0 0.0 2.48 0.0 12.0 3.0
19/03/22 01:37:10 7286.0 0.0 7983.0 0.0 207.0 0.0 67.273 2.766 49.46 0.0 4.0 4.0 0.0 0.0 2.48 0.0 12.0 3.0
19/03/22 01:37:20 7286.0 0.0 7983.0 0.0 207.0 0.0 66.025 2.591 47.34 0.0 4.0 4.0 0.0 0.0 2.57 0.0 12.0 3.0
19/03/22 01:37:30 7285.0 0.0 7983.0 0.0 207.0 0.0 65.067 2.584 48.79 0.0 4.0 4.0 0.0 0.0 2.79 0.0 12.0 3.0
19/03/22 01:37:40 7284.0 0.0 7983.0 0.0 207.0 0.0 67.145 2.635 49.05 0.0 4.0 4.0 0.0 0.0 2.82 0.0 12.0 3.0
19/03/22 01:37:50 7283.0 0.0 7983.0 0.0 207.0 0.0 66.495 2.718 46.41 0.0 4.0 4.0 0.0 0.0 3.0 0.0 12.0 3.0
19/03/22 01:38:00 7283.0 0.0 7983.0 0.0 206.0 0.0 67.725 2.733 46.56 0.0 4.0 4.0 0.0 0.0 2.62 0.0 12.0 3.0
19/03/22 01:38:10 7282.0 0.0 7983.0 0.0 207.0 0.0 65.891 2.788 50.0 0.0 4.0 4.0 0.0 0.0 2.83 0.0 12.0 3.0
19/03/22 01:38:20 7281.0 0.0 7983.0 0.0 207.0 0.0 65.739 2.674 48.37 0.0 4.0 4.0 0.0 0.0 2.63 0.0 12.0 3.0
19/03/22 01:38:30 7281.0 0.0 7983.0 0.0 206.0 0.0 64.189 2.622 49.86 0.0 4.0 4.0 0.0 0.0 2.38 0.0 12.0 3.0
19/03/22 01:38:40 7280.0 0.0 7983.0 0.0 206.0 0.0 67.316 2.743 48.65 0.0 4.0 4.0 0.0 0.0 2.09 0.0 12.0 3.0
19/03/22 01:38:50 7279.0 0.0 7983.0 0.0 206.0 0.0 65.846 2.708 46.39 0.0 0.0 4.0 0.0 0.0 2.07 0.0 12.0 3.0
19/03/22 01:39:00 7279.0 0.0 7983.0 0.0 206.0 0.0 68.421 2.714 48.53 0.0 0.0 4.0 0.0 0.0 1.98 0.0 12.0 3.0
19/03/22 01:39:10 7278.0 0.0 7983.0 0.0 206.0 0.0 66.517 2.633 47.86 0.0 0.0 4.0 0.0 0.0 1.97 0.0 12.0 3.0
19/03/22 01:39:20 7277.0 0.0 7983.0 0.0 206.0 0.0 66.614 2.727 49.06 0.0 0.0 4.0 0.0 0.0 1.82 0.0 12.0 3.0
19/03/22 01:39:30 7277.0 0.0 7983.0 0.0 206.0 0.0 66.754 2.67 50.54 0.0 0.0 4.0 0.0 0.0 1.76 0.0 12.0 3.0
19/03/22 01:39:40 7276.0 0.0 7983.0 0.0 206.0 0.0 64.346 2.664 51.17 0.0 0.0 4.0 0.0 0.0 1.57 0.0 12.0 3.0
19/03/22 01:39:50 7275.0 0.0 7983.0 0.0 207.0 0.0 67.245 2.644 48.66 0.0 0.0 4.0 0.0 0.0 1.71 0.0 12.0 3.0
19/03/22 01:40:00 7274.0 0.0 7983.0 0.0 206.0 0.0 69.466 2.792 48.38 0.0 0.0 4.0 0.0 0.0 1.61 0.0 12.0 3.0
19/03/22 01:40:10 7273.0 0.0 7983.0 0.0 207.0 0.0 66.844 2.664 50.67 0.0 0.0 4.0 0.0 0.0 1.36 0.0 12.0 3.0
19/03/22 01:40:20 7273.0 0.0 7983.0 0.0 207.0 0.0 65.08 2.628 51.34 0.0 0.0 4.0 0.0 0.0 2.01 0.0 12.0 3.0
19/03/22 01:40:30 7272.0 0.0 7983.0 0.0 207.0 0.0 66.504 2.631 49.34 0.0 0.0 4.0 0.0 0.0 2.0 0.0 12.0 3.0
19/03/22 01:40:40 7271.0 0.0 7983.0 0.0 206.0 0.0 65.647 2.669 50.4 0.0 0.0 4.0 0.0 0.0 2.63 0.0 12.0 3.0
19/03/22 01:40:50 7271.0 0.0 7983.0 0.0 207.0 0.0 63.671 2.652 45.71 0.0 0.0 4.0 0.0 0.0 2.6 0.0 12.0 3.0
19/03/22 01:41:00 7269.0 0.0 7983.0 0.0 207.0 0.0 67.016 2.716 46.99 0.0 0.0 4.0 0.0 0.0 2.5 0.0 12.0 3.0
19/03/22 01:41:10 7269.0 0.0 7983.0 0.0 207.0 0.0 65.307 2.609 48.4 0.0 0.0 4.0 0.0 0.0 2.35 0.0 12.0 3.0
19/03/22 01:41:20 7269.0 0.0 7983.0 0.0 207.0 0.0 65.632 2.657 47.61 0.0 0.0 4.0 0.0 0.0 2.31 0.0 12.0 3.0
19/03/22 01:41:30 7268.0 0.0 7983.0 0.0 206.0 0.0 64.718 2.584 47.98 0.0 0.0 4.0 0.0 0.0 2.49 0.0 12.0 3.0
19/03/22 01:41:40 7267.0 0.0 7983.0 0.0 207.0 0.0 67.199 2.685 51.06 0.0 0.0 4.0 0.0 0.0 2.11 0.0 12.0 3.0
19/03/22 01:41:50 7266.0 0.0 7983.0 0.0 207.0 0.0 66.542 2.586 47.98 0.0 0.0 4.0 0.0 0.0 2.42 0.0 12.0 3.0
19/03/22 01:42:00 7266.0 0.0 7983.0 0.0 207.0 0.0 67.6 2.64 46.76 0.0 0.0 4.0 0.0 0.0 2.51 0.0 12.0 3.0
19/03/22 01:42:10 7265.0 0.0 7983.0 0.0 207.0 0.0 67.094 2.687 49.6 0.0 0.0 4.0 0.0 0.0 2.75 0.0 12.0 3.0
19/03/22 01:42:20 7264.0 0.0 7983.0 0.0 207.0 0.0 67.308 2.603 49.46 0.0 0.0 4.0 0.0 0.0 2.41 0.0 12.0 3.0
19/03/22 01:42:30 7264.0 0.0 7983.0 0.0 207.0 0.0 66.328 2.61 49.73 0.0 0.0 4.0 0.0 0.0 2.73 0.0 12.0 3.0
19/03/22 01:42:40 7263.0 0.0 7983.0 0.0 206.0 0.0 67.225 2.718 49.32 0.0 0.0 4.0 0.0 0.0 2.92 0.0 12.0 3.0
19/03/22 01:42:50 7262.0 0.0 7983.0 0.0 206.0 0.0 65.523 2.664 46.63 0.0 0.0 4.0 0.0 0.0 2.93 0.0 12.0 3.0
19/03/22 01:43:00 7262.0 0.0 7983.0 0.0 207.0 0.0 67.494 2.713 47.99 0.0 0.0 4.0 0.0 0.0 2.63 0.0 12.0 3.0
19/03/22 01:43:10 7261.0 0.0 7983.0 0.0 207.0 0.0 66.805 2.628 48.4 0.0 0.0 4.0 0.0 0.0 2.55 0.0 12.0 3.0
19/03/22 01:43:20 7260.0 0.0 7983.0 0.0 206.0 0.0 67.56 2.648 49.07 0.0 0.0 4.0 0.0 0.0 2.6 0.0 12.0 3.0
19/03/22 01:43:30 7260.0 0.0 7983.0 0.0 206.0 0.0 65.062 2.666 50.67 0.0 0.0 4.0 0.0 0.0 2.2 0.0 12.0 3.0
19/03/22 01:43:40 7259.0 0.0 7983.0 0.0 206.0 0.0 65.602 2.675 51.84 0.0 0.0 4.0 0.0 0.0 2.02 0.0 12.0 3.0
19/03/22 01:43:50 7259.0 0.0 7983.0 0.0 206.0 0.0 66.068 2.637 46.42 0.0 0.0 4.0 0.0 0.0 1.87 0.0 12.0 3.0
19/03/22 01:44:00 7254.0 0.0 7983.0 0.0 210.0 0.0 64.437 1.946 46.09 0.0 0.0 4.0 0.0 0.0 1.89 0.0 12.0 3.0
19/03/22 01:44:10 7254.0 0.0 7983.0 0.0 210.0 0.0 0.0 0.0 0.0 0.0 0.0 4.0 0.0 0.0 1.82 0.0 12.0 3.0
19/03/22 01:44:20 7253.0 0.0 7983.0 0.0 211.0 0.0 0.005 0.0 0.0 0.0 0.0 4.0 0.0 0.0 1.41 0.0 12.0 3.0
19/03/22 01:44:30 7253.0 0.0 7983.0 0.0 211.0 0.0 0.0 0.0 0.0 0.0 0.0 4.0 0.0 0.0 1.2 0.0 12.0 3.0
19/03/22 01:44:40 7254.0 0.0 7983.0 0.0 211.0 0.0 0.0 0.0 0.0 0.0 0.0 4.0 0.0 0.0 1.01 0.0 12.0 3.0
19/03/22 01:44:50 7253.0 0.0 7983.0 0.0 211.0 0.0 0.0 0.0 0.0 0.0 0.0 4.0 0.0 0.0 0.86 0.0 12.0 3.0
19/03/22 01:45:00 7254.0 0.0 7983.0 0.0 210.0 0.0 0.0 0.0 0.0 0.0 0.0 4.0 0.0 0.0 0.72 0.0 12.0 3.0
19/03/22 01:45:10 7202.0 0.0 7983.0 0.0 262.0 0.0 10.349 0.446 10.91 0.0 0.0 4.0 0.0 0.0 0.69 0.0 12.0 3.0
19/03/22 01:45:20 7138.0 0.0 7983.0 0.0 325.0 0.0 10.325 0.459 14.36 0.0 0.0 4.0 0.0 0.0 0.66 0.0 12.0 3.0
19/03/22 01:45:30 7074.0 0.0 7983.0 0.0 389.0 0.0 10.037 0.413 16.5 0.0 0.0 4.0 0.0 0.0 0.64 0.0 12.0 3.0
19/03/22 01:45:40 6965.0 0.0 7983.0 0.0 498.0 0.0 18.56 0.898 32.64 0.0 0.0 4.0 0.0 0.0 0.83 0.0 12.0 3.0
19/03/22 01:45:50 6841.0 0.0 7983.0 0.0 621.0 0.0 17.058 0.833 38.68 0.0 0.0 4.0 0.0 0.0 1.03 0.0 12.0 3.0
19/03/22 01:46:00 6736.0 0.0 7983.0 0.0 727.0 0.0 17.806 0.895 42.97 0.0 0.0 4.0 0.0 0.0 0.87 0.0 12.0 3.0
19/03/22 01:46:10 6568.0 0.0 7983.0 0.0 894.0 0.0 25.542 1.181 65.89 0.0 0.0 4.0 0.0 0.0 1.2 0.0 12.0 3.0
19/03/22 01:46:20 6426.0 0.0 7983.0 0.0 1037.0 0.0 25.042 1.146 68.8 0.0 0.0 4.0 0.0 0.0 1.63 0.0 12.0 3.0
19/03/22 01:46:30 6256.0 0.0 7983.0 0.0 1207.0 0.0 27.038 1.389 71.28 0.0 0.0 4.0 0.0 0.0 2.0 0.0 12.0 3.0
19/03/22 01:46:40 6060.0 0.0 7983.0 0.0 1402.0 0.0 29.132 1.304 87.24 0.0 0.0 4.0 0.0 0.0 2.39 0.0 12.0 3.0
19/03/22 01:46:50 5887.0 0.0 7983.0 0.0 1574.0 0.0 27.796 1.383 89.82 0.0 0.0 4.0 0.0 0.0 2.63 0.0 12.0 3.0
19/03/22 01:47:00 5707.0 0.0 7983.0 0.0 1754.0 0.0 35.104 1.44 95.12 0.0 0.0 4.0 0.0 0.0 3.14 0.0 12.0 3.0
19/03/22 01:47:10 5520.0 0.0 7983.0 0.0 1941.0 0.0 31.9 1.348 97.93 0.0 0.0 4.0 0.0 0.0 3.27 0.0 12.0 3.0
19/03/22 01:47:20 5340.0 0.0 7983.0 0.0 2121.0 0.0 27.607 1.088 97.42 0.0 0.0 4.0 0.0 0.0 3.46 0.0 12.0 3.0
19/03/22 01:47:30 5187.0 0.0 7983.0 0.0 2272.0 0.0 27.535 1.305 98.71 0.0 0.0 4.0 0.0 0.0 3.54 0.0 12.0 3.0
19/03/22 01:47:40 5024.0 0.0 7983.0 0.0 2436.0 0.0 22.496 1.368 97.97 0.0 0.0 4.0 0.0 0.0 3.61 0.0 12.0 3.0
19/03/22 01:47:50 4942.0 0.0 7983.0 0.0 2518.0 0.0 24.905 1.289 98.21 0.0 0.0 4.0 0.0 0.0 3.64 0.0 12.0 3.0
19/03/22 01:48:00 4792.0 0.0 7983.0 0.0 2667.0 0.0 29.611 1.098 98.73 0.0 0.0 4.0 0.0 0.0 3.7 0.0 12.0 3.0
19/03/22 01:48:10 4632.0 0.0 7983.0 0.0 2827.0 0.0 23.486 1.224 98.99 0.0 0.0 4.0 0.0 0.0 4.13 0.0 12.0 3.0
19/03/22 01:48:20 4479.0 0.0 7983.0 0.0 2980.0 0.0 24.932 1.227 98.99 0.0 0.0 4.0 0.0 0.0 4.11 0.0 12.0 3.0
19/03/22 01:48:30 4334.0 0.0 7983.0 0.0 3125.0 0.0 26.771 1.068 98.98 0.0 0.0 4.0 0.0 0.0 4.09 0.0 12.0 3.0
19/03/22 01:48:40 4187.0 0.0 7983.0 0.0 3271.0 0.0 24.335 1.097 99.48 0.0 0.0 4.0 0.0 0.0 4.08 0.0 12.0 3.0
19/03/22 01:48:50 4036.0 0.0 7983.0 0.0 3422.0 0.0 23.366 1.132 99.49 0.0 0.0 4.0 0.0 0.0 4.29 0.0 12.0 3.0
19/03/22 01:49:00 3877.0 0.0 7983.0 0.0 3580.0 0.0 22.842 1.034 99.49 0.0 0.0 4.0 0.0 0.0 4.24 0.0 12.0 3.0
19/03/22 01:49:10 3750.0 0.0 7983.0 0.0 3708.0 0.0 22.845 1.016 99.49 0.0 0.0 4.0 0.0 0.0 4.2 0.0 12.0 3.0
19/03/22 01:49:20 3624.0 0.0 7983.0 0.0 3834.0 0.0 22.011 1.11 99.49 0.0 6.0 4.0 0.0 0.0 4.17 0.0 12.0 3.0
19/03/22 01:49:30 3482.0 0.0 7983.0 0.0 3974.0 0.0 19.997 1.098 99.75 0.0 0.0 4.0 0.0 0.0 4.14 0.0 12.0 3.0
19/03/22 01:49:40 3341.0 0.0 7983.0 0.0 4116.0 0.0 24.598 0.852 99.49 0.0 0.0 4.0 0.0 0.0 4.12 0.0 12.0 3.0
19/03/22 01:49:50 3224.0 0.0 7983.0 0.0 4233.0 0.0 27.001 0.639 99.23 0.0 0.0 4.0 0.0 0.0 4.1 0.0 12.0 3.0
19/03/22 01:50:00 3105.0 0.0 7983.0 0.0 4352.0 0.0 20.135 0.948 99.74 0.0 6.0 4.0 0.0 0.0 4.09 0.0 12.0 3.0
19/03/22 01:50:10 2973.0 0.0 7983.0 0.0 4483.0 0.0 22.741 0.608 99.49 0.0 0.0 4.0 0.0 0.0 3.91 0.0 12.0 3.0
19/03/22 01:50:20 2871.0 0.0 7983.0 0.0 4585.0 0.0 16.02 0.891 99.49 0.0 0.0 4.0 0.0 0.0 3.93 0.0 12.0 3.0
19/03/22 01:50:30 2736.0 0.0 7983.0 0.0 4719.0 0.0 25.628 0.704 99.49 0.0 0.0 4.0 0.0 0.0 3.94 0.0 12.0 3.0
19/03/22 01:50:40 2617.0 0.0 7983.0 0.0 4838.0 0.0 28.471 0.485 99.5 0.0 0.0 4.0 0.0 0.0 3.95 0.0 12.0 3.0
19/03/22 01:50:50 2501.0 0.0 7983.0 0.0 4955.0 0.0 26.684 0.871 100.0 0.0 0.0 4.0 0.0 0.0 3.96 0.0 12.0 3.0
19/03/22 01:51:00 2379.0 0.0 7983.0 0.0 5075.0 0.0 10.796 1.236 99.75 0.0 0.0 4.0 0.0 0.0 3.96 0.0 12.0 3.0
19/03/22 01:51:10 2266.0 0.0 7983.0 0.0 5189.0 0.0 20.557 0.77 100.0 0.0 0.0 4.0 0.0 0.0 3.97 0.0 12.0 3.0
19/03/22 01:51:20 2154.0 0.0 7983.0 0.0 5300.0 0.0 16.24 0.952 99.24 0.0 0.0 4.0 0.0 0.0 3.97 0.0 12.0 3.0
19/03/22 01:51:30 2032.0 0.0 7983.0 0.0 5422.0 0.0 12.232 0.807 99.75 0.0 2.0 4.0 0.0 0.0 3.98 0.0 12.0 3.0
19/03/22 01:51:40 1922.0 0.0 7983.0 0.0 5532.0 0.0 22.73 1.161 99.75 0.0 0.0 4.0 0.0 0.0 3.98 0.0 12.0 3.0
19/03/22 01:51:50 1822.0 0.0 7983.0 0.0 5632.0 0.0 18.088 0.944 98.73 0.0 0.0 4.0 0.0 0.0 3.99 0.0 12.0 3.0
19/03/22 01:52:00 1695.0 0.0 7983.0 0.0 5758.0 0.0 18.631 1.149 100.0 0.0 4.0 4.0 0.0 0.0 3.99 0.0 12.0 3.0
19/03/22 01:52:10 1585.0 0.0 7983.0 0.0 5869.0 0.0 11.514 0.809 100.0 0.0 4.0 4.0 0.0 0.0 3.99 0.0 12.0 3.0
19/03/22 01:52:20 1471.0 0.0 7983.0 0.0 5982.0 0.0 22.7 0.507 99.24 0.0 4.0 4.0 0.0 0.0 3.99 0.0 12.0 3.0
19/03/22 01:52:30 1354.0 0.0 7983.0 0.0 6099.0 0.0 19.543 0.538 99.75 0.0 4.0 4.0 0.0 0.0 3.99 0.0 12.0 3.0
19/03/22 01:52:40 1259.0 0.0 7983.0 0.0 6194.0 0.0 19.593 0.624 99.75 0.0 4.0 4.0 0.0 0.0 4.0 0.0 12.0 3.0
19/03/22 01:52:50 1155.0 0.0 7983.0 0.0 6298.0 0.0 19.101 0.466 99.75 0.0 4.0 4.0 0.0 0.0 4.0 0.0 12.0 3.0
19/03/22 01:53:00 1050.0 0.0 7983.0 0.0 6403.0 0.0 20.883 0.538 99.75 0.0 2.0 4.0 0.0 0.0 4.0 0.0 12.0 3.0
19/03/22 01:53:10 946.0 0.0 7983.0 0.0 6507.0 0.0 13.1 0.991 100.0 0.0 0.0 4.0 0.0 0.0 4.0 0.0 12.0 3.0
19/03/22 01:53:20 857.0 0.0 7983.0 0.0 6595.0 0.0 23.63 0.865 99.75 0.0 0.0 4.0 0.0 0.0 4.0 0.0 12.0 3.0
19/03/22 01:53:30 752.0 0.0 7983.0 0.0 6700.0 0.0 21.56 0.676 100.0 0.0 0.0 4.0 0.0 0.0 4.0 0.0 12.0 3.0
19/03/22 01:53:40 643.0 0.0 7983.0 0.0 6809.0 0.0 23.875 0.84 100.0 0.0 0.0 4.0 0.0 0.0 4.0 0.0 12.0 3.0
19/03/22 01:53:50 530.0 0.0 7983.0 0.0 6921.0 0.0 19.926 0.91 99.49 0.0 0.0 4.0 0.0 0.0 4.0 0.0 12.0 3.0
19/03/22 01:54:00 434.0 0.0 7983.0 0.0 7018.0 0.0 20.284 0.591 99.49 0.0 0.0 4.0 0.0 0.0 4.0 0.0 12.0 3.0
19/03/22 01:54:10 328.0 0.0 7983.0 0.0 7123.0 0.0 12.924 0.959 99.75 0.0 0.0 4.0 0.0 0.0 4.0 0.0 12.0 3.0
19/03/22 01:54:20 221.0 0.0 7983.0 0.0 7230.0 0.0 12.915 0.853 99.75 0.0 4.0 4.0 0.0 0.0 4.0 0.0 12.0 3.0
19/03/22 01:54:30 120.0 0.0 7983.0 0.0 7354.0 0.0 17.4 0.826 100.0 164.0 0.0 4.0 0.0 0.0 4.0 0.0 12.0 3.0
19/03/22 01:54:40 132.0 0.0 7983.0 0.0 7462.0 0.0 22.382 0.582 99.5 0.0 0.0 4.0 0.0 0.0 4.08 0.0 12.0 3.0
19/03/22 01:54:50 149.0 0.0 7983.0 0.0 7516.0 0.0 14.306 1.039 99.74 0.0 0.0 4.0 0.0 0.0 4.15 0.0 12.0 3.0
19/03/22 01:55:00 137.0 0.0 7983.0 0.0 7626.0 0.0 13.899 0.96 100.0 0.0 0.0 4.0 0.0 0.0 4.13 0.0 12.0 3.0
19/03/22 01:55:10 130.0 0.0 7983.0 0.0 7726.0 0.0 16.945 0.65 99.74 0.0 0.0 4.0 0.0 0.0 4.11 0.0 12.0 3.0
19/03/22 01:55:20 7602.0 0.0 7983.0 0.0 170.0 0.0 0.506 -0.61 5.96 134.0 45.0 4.0 0.0 0.0 3.85 0.0 11.0 3.0
19/03/22 01:55:30 7587.0 0.0 7983.0 0.0 177.0 0.0 0.007 0.006 16.54 0.0 0.0 4.0 0.0 0.0 3.49 0.0 11.0 3.0
19/03/22 01:55:40 7571.0 0.0 7983.0 0.0 187.0 0.0 18.34 1.742 11.17 10.0 6.0 4.0 0.0 0.0 2.95 0.0 12.0 3.0
19/03/22 01:55:50 7564.0 0.0 7983.0 0.0 193.0 0.0 67.364 3.193 55.32 0.0 0.0 4.0 0.0 0.0 2.58 0.0 12.0 3.0
19/03/22 01:56:00 7561.0 0.0 7983.0 0.0 195.0 0.0 67.833 3.15 55.95 0.0 0.0 4.0 0.0 0.0 2.18 0.0 12.0 3.0
19/03/22 01:56:10 7559.0 0.0 7983.0 0.0 196.0 0.0 62.808 3.055 52.51 0.0 0.0 4.0 0.0 0.0 2.16 0.0 12.0 3.0
19/03/22 01:56:20 7557.0 0.0 7983.0 0.0 197.0 0.0 67.374 2.953 56.56 0.0 0.0 4.0 0.0 0.0 2.44 0.0 12.0 3.0
19/03/22 01:56:30 7556.0 0.0 7983.0 0.0 197.0 0.0 64.523 3.093 53.68 0.0 0.0 4.0 0.0 0.0 2.36 0.0 12.0 3.0
19/03/22 01:56:40 7554.0 0.0 7983.0 0.0 198.0 0.0 61.229 2.954 53.26 0.0 0.0 4.0 0.0 0.0 2.53 0.0 12.0 3.0
19/03/22 01:56:50 7553.0 0.0 7983.0 0.0 199.0 0.0 66.072 2.953 55.59 0.0 0.0 4.0 0.0 0.0 2.74 0.0 12.0 3.0
19/03/22 01:57:00 7551.0 0.0 7983.0 0.0 200.0 0.0 66.892 3.104 53.15 0.0 0.0 4.0 0.0 0.0 2.7 0.0 12.0 3.0
19/03/22 01:57:10 7550.0 0.0 7983.0 0.0 200.0 0.0 63.563 2.946 52.92 0.0 0.0 4.0 0.0 0.0 2.58 0.0 12.0 3.0
19/03/22 01:57:20 7548.0 0.0 7983.0 0.0 200.0 0.0 64.789 2.977 57.34 0.0 0.0 4.0 0.0 0.0 2.64 0.0 12.0 3.0
19/03/22 01:57:30 7548.0 0.0 7983.0 0.0 200.0 0.0 63.59 2.97 54.62 0.0 0.0 4.0 0.0 0.0 2.85 0.0 12.0 3.0
19/03/22 01:57:40 7547.0 0.0 7983.0 0.0 200.0 0.0 63.159 2.947 53.23 0.0 0.0 4.0 0.0 0.0 3.03 0.0 12.0 3.0
19/03/22 01:57:50 7546.0 0.0 7983.0 0.0 200.0 0.0 62.638 2.975 51.89 0.0 0.0 4.0 0.0 0.0 2.87 0.0 12.0 3.0
19/03/22 01:58:00 7545.0 0.0 7983.0 0.0 200.0 0.0 65.346 3.025 52.45 0.0 0.0 4.0 0.0 0.0 2.81 0.0 12.0 3.0
19/03/22 01:58:10 7543.0 0.0 7983.0 0.0 202.0 0.0 61.378 2.812 51.35 0.0 0.0 4.0 0.0 0.0 2.38 0.0 12.0 3.0
19/03/22 01:58:20 7541.0 0.0 7983.0 0.0 203.0 0.0 64.32 2.93 53.39 0.0 0.0 4.0 0.0 0.0 2.08 0.0 12.0 3.0
19/03/22 01:58:30 7541.0 0.0 7983.0 0.0 203.0 0.0 63.207 2.915 51.75 0.0 0.0 4.0 0.0 0.0 1.76 0.0 12.0 3.0
19/03/22 01:58:40 7539.0 0.0 7983.0 0.0 204.0 0.0 61.8 2.791 52.2 0.0 0.0 4.0 0.0 0.0 1.79 0.0 12.0 3.0
19/03/22 01:58:50 7538.0 0.0 7983.0 0.0 203.0 0.0 61.456 2.785 51.09 0.0 0.0 4.0 0.0 0.0 1.91 0.0 12.0 3.0
19/03/22 01:59:00 7537.0 0.0 7983.0 0.0 204.0 0.0 64.317 2.841 53.23 0.0 0.0 4.0 0.0 0.0 1.78 0.0 12.0 3.0
19/03/22 01:59:10 7534.0 0.0 7983.0 0.0 206.0 0.0 60.888 2.75 50.4 0.0 4.0 4.0 0.0 0.0 1.75 0.0 12.0 3.0
19/03/22 01:59:20 7533.0 0.0 7983.0 0.0 206.0 0.0 64.111 2.688 50.27 0.0 4.0 4.0 0.0 0.0 1.87 0.0 12.0 3.0
19/03/22 01:59:30 7532.0 0.0 7983.0 0.0 207.0 0.0 64.522 2.85 50.13 0.0 4.0 4.0 0.0 0.0 2.2 0.0 12.0 3.0
19/03/22 01:59:40 7532.0 0.0 7983.0 0.0 206.0 0.0 59.948 2.758 49.73 0.0 0.0 4.0 0.0 0.0 2.32 0.0 12.0 3.0
19/03/22 01:59:50 7531.0 0.0 7983.0 0.0 206.0 0.0 0.0 0.006 0.0 0.0 0.0 4.0 0.0 0.0 2.11 0.0 12.0 3.0
19/03/22 02:00:00 7531.0 0.0 7983.0 0.0 207.0 0.0 0.0 0.005 0.0 0.0 0.0 4.0 0.0 0.0 1.78 0.0 12.0 3.0
19/03/22 02:00:10 7531.0 0.0 7983.0 0.0 206.0 0.0 0.0 0.005 0.25 0.0 0.0 4.0 0.0 0.0 1.51 0.0 12.0 3.0
19/03/22 02:00:20 7515.0 0.0 7983.0 0.0 223.0 0.0 5.119 0.45 0.0 0.0 0.0 4.0 0.0 0.0 1.28 0.0 12.0 3.0
19/03/22 02:00:30 7456.0 0.0 7983.0 0.0 281.0 0.0 9.15 0.411 10.46 0.0 0.0 4.0 0.0 0.0 1.15 0.0 12.0 3.0
19/03/22 02:00:40 7384.0 0.0 7983.0 0.0 354.0 0.0 9.061 0.431 12.98 0.0 0.0 4.0 0.0 0.0 0.97 0.0 12.0 3.0
19/03/22 02:00:50 7289.0 0.0 7983.0 0.0 448.0 0.0 17.997 0.792 30.99 0.0 0.0 4.0 0.0 0.0 1.05 0.0 12.0 3.0
19/03/22 02:01:00 7164.0 0.0 7983.0 0.0 573.0 0.0 16.494 0.783 41.9 0.0 0.0 4.0 0.0 0.0 0.89 0.0 12.0 3.0
19/03/22 02:01:10 7063.0 0.0 7983.0 0.0 674.0 0.0 15.911 0.799 43.64 0.0 0.0 4.0 0.0 0.0 0.82 0.0 12.0 3.0
19/03/22 02:01:20 6913.0 0.0 7983.0 0.0 823.0 0.0 23.492 1.126 65.91 0.0 0.0 4.0 0.0 0.0 1.09 0.0 12.0 3.0
19/03/22 02:01:30 6749.0 0.0 7983.0 0.0 986.0 0.0 22.863 1.016 68.23 0.0 0.0 4.0 0.0 0.0 1.32 0.0 12.0 3.0
19/03/22 02:01:40 6609.0 0.0 7983.0 0.0 1127.0 0.0 21.355 1.055 74.62 0.0 0.0 4.0 0.0 0.0 1.73 0.0 12.0 3.0
19/03/22 02:01:50 6416.0 0.0 7983.0 0.0 1320.0 0.0 26.153 1.231 91.28 0.0 0.0 4.0 0.0 0.0 2.08 0.0 12.0 3.0
19/03/22 02:02:00 6228.0 0.0 7983.0 0.0 1507.0 0.0 24.934 1.219 89.34 0.0 0.0 4.0 0.0 0.0 2.37 0.0 12.0 3.0
19/03/22 02:02:10 6051.0 0.0 7983.0 0.0 1683.0 0.0 25.846 1.172 92.37 0.0 0.0 4.0 0.0 0.0 2.4 0.0 12.0 3.0
19/03/22 02:02:20 6054.0 0.0 7983.0 0.0 1681.0 0.0 0.0 0.0 0.0 0.0 0.0 4.0 0.0 0.0 2.33 0.0 12.0 3.0
19/03/22 02:02:30 6054.0 0.0 7983.0 0.0 1681.0 0.0 0.0 0.0 0.0 0.0 0.0 4.0 0.0 0.0 1.97 0.0 12.0 3.0
19/03/22 02:02:40 6054.0 0.0 7983.0 0.0 1680.0 0.0 0.0 0.0 0.0 0.0 0.0 4.0 0.0 0.0 1.67 0.0 12.0 3.0
19/03/22 02:02:50 6054.0 0.0 7983.0 0.0 1681.0 0.0 0.0 0.0 0.0 0.0 0.0 4.0 0.0 0.0 1.41 0.0 12.0 3.0
19/03/22 02:03:00 6054.0 0.0 7983.0 0.0 1680.0 0.0 0.0 0.0 0.0 0.0 0.0 4.0 0.0 0.0 1.19 0.0 12.0 3.0
19/03/22 02:03:10 6054.0 0.0 7983.0 0.0 1681.0 0.0 0.0 0.0 0.25 0.0 0.0 4.0 0.0 0.0 1.01 0.0 12.0 3.0
19/03/22 02:03:20 6056.0 0.0 7983.0 0.0 1679.0 0.0 0.0 0.0 0.0 0.0 0.0 4.0 0.0 0.0 0.85 0.0 12.0 3.0
19/03/22 02:03:30 6056.0 0.0 7983.0 0.0 1679.0 0.0 0.0 0.0 0.0 0.0 0.0 4.0 0.0 0.0 0.72 0.0 12.0 3.0
19/03/22 02:03:40 6056.0 0.0 7983.0 0.0 1679.0 0.0 0.0 0.006 0.0 0.0 0.0 4.0 0.0 0.0 0.61 0.0 12.0 3.0
19/03/22 02:03:50 6056.0 0.0 7983.0 0.0 1679.0 0.0 0.0 0.006 0.0 0.0 0.0 4.0 0.0 0.0 0.52 0.0 12.0 3.0
19/03/22 02:04:00 6056.0 0.0 7983.0 0.0 1679.0 0.0 0.0 0.006 0.0 0.0 0.0 4.0 0.0 0.0 0.44 0.0 12.0 3.0
19/03/22 02:04:10 6056.0 0.0 7983.0 0.0 1679.0 0.0 0.006 0.0 0.25 0.0 0.0 4.0 0.0 0.0 0.34 0.0 12.0 3.0
19/03/22 02:04:20 6056.0 0.0 7983.0 0.0 1679.0 0.0 0.006 0.0 0.0 0.0 0.0 4.0 0.0 0.0 0.29 0.0 12.0 3.0
19/03/22 02:04:30 6056.0 0.0 7983.0 0.0 1679.0 0.0 0.005 0.0 0.0 0.0 0.0 4.0 0.0 0.0 0.24 0.0 12.0 3.0
19/03/22 02:04:40 6056.0 0.0 7983.0 0.0 1679.0 0.0 0.005 0.0 0.0 0.0 0.0 4.0 0.0 0.0 0.2 0.0 12.0 3.0
19/03/22 02:04:50 6058.0 0.0 7983.0 0.0 1677.0 0.0 0.0 0.005 0.0 0.0 0.0 4.0 0.0 0.0 0.17 0.0 12.0 3.0
19/03/22 02:05:00 7516.0 0.0 7983.0 0.0 171.0 0.0 0.0 0.006 2.7 10.0 0.0 4.0 0.0 0.0 0.39 0.0 12.0 3.0
19/03/22 02:05:10 7515.0 0.0 7983.0 0.0 173.0 0.0 8.474 -8.46 3.39 38.0 18.0 4.0 0.0 0.0 0.64 0.0 8.0 3.0
19/03/22 02:05:20 7559.0 0.0 7983.0 0.0 150.0 0.0 0.0 0.006 0.75 0.0 0.0 4.0 0.0 0.0 0.54 0.0 8.0 3.0
19/03/22 02:05:30 7559.0 0.0 7983.0 0.0 150.0 0.0 0.0 0.006 0.0 0.0 0.0 4.0 0.0 0.0 0.46 0.0 8.0 3.0
19/03/22 02:05:40 7559.0 0.0 7983.0 0.0 150.0 0.0 0.0 0.006 0.0 0.0 0.0 4.0 0.0 0.0 0.39 0.0 8.0 3.0
19/03/22 02:05:50 7559.0 0.0 7983.0 0.0 150.0 0.0 0.0 0.006 0.0 0.0 0.0 4.0 0.0 0.0 0.33 0.0 8.0 3.0
19/03/22 02:06:00 7565.0 0.0 7983.0 0.0 143.0 0.0 0.0 0.006 0.25 0.0 0.0 4.0 0.0 0.0 0.28 0.0 7.0 3.0
19/03/22 02:06:10 7565.0 0.0 7983.0 0.0 143.0 0.0 0.0 0.006 0.0 0.0 0.0 4.0 0.0 0.0 0.25 0.0 7.0 3.0
19/03/22 02:06:20 7565.0 0.0 7983.0 0.0 143.0 0.0 0.0 0.005 0.25 0.0 0.0 4.0 0.0 0.0 0.21 0.0 7.0 3.0
19/03/22 02:06:30 7565.0 0.0 7983.0 0.0 143.0 0.0 0.0 0.006 0.0 0.0 0.0 4.0 0.0 0.0 0.18 0.0 7.0 3.0
19/03/22 02:06:40 7565.0 0.0 7983.0 0.0 143.0 0.0 0.0 0.006 0.0 0.0 0.0 4.0 0.0 0.0 0.23 0.0 7.0 3.0
19/03/22 02:06:50 7564.0 0.0 7983.0 0.0 143.0 0.0 0.0 0.006 0.0 0.0 0.0 4.0 0.0 0.0 0.2 0.0 7.0 3.0
19/03/22 02:07:00 7564.0 0.0 7983.0 0.0 143.0 0.0 0.0 0.005 0.25 0.0 0.0 4.0 0.0 0.0 0.17 0.0 7.0 3.0
19/03/22 02:07:10 7564.0 0.0 7983.0 0.0 143.0 0.0 0.0 0.005 0.0 0.0 0.0 4.0 0.0 0.0 0.14 0.0 7.0 3.0
19/03/22 02:07:20 7565.0 0.0 7983.0 0.0 143.0 0.0 0.0 0.0 0.0 0.0 0.0 4.0 0.0 0.0 0.12 0.0 7.0 3.0
19/03/22 02:07:30 7565.0 0.0 7983.0 0.0 143.0 0.0 0.0 0.0 0.0 0.0 0.0 4.0 0.0 0.0 0.11 0.0 7.0 3.0
