go.rudyc.auth_account go.rudyc.create_account go.rudyc.create_character go.rudyc.move_character go.rudyc.receive_chats go.rudyc.roi_character go.rudyc.select_character go.rudyc.send_chat
19/03/21 23:38:20 0.0 0.0 0.0 0.0 0.0 0.0 0.0 0.0
19/03/21 23:38:30 0.0 0.0 0.0 0.0 0.0 0.0 0.0 0.0
19/03/21 23:38:40 0.0 0.0 0.0 0.0 0.0 0.0 0.0 0.0
19/03/21 23:38:50 0.0 0.0 0.0 0.0 0.0 0.0 0.0 0.0
19/03/21 23:39:00 0.0 0.0 0.0 0.0 0.0 0.0 0.0 0.0
19/03/21 23:39:10 0.0 0.0 0.0 0.0 0.0 0.0 0.0 0.0
19/03/21 23:39:20 0.0 0.0 0.0 0.0 0.0 0.0 0.0 0.0
19/03/21 23:39:30 0.0 0.0 0.0 0.0 0.0 0.0 0.0 0.0
19/03/21 23:39:40 0.0 0.0 0.0 0.0 0.0 0.0 0.0 0.0
19/03/21 23:39:50 0.0 0.0 0.0 0.0 0.0 0.0 0.0 0.0
19/03/21 23:40:00 0.0 0.0 0.0 0.0 0.0 0.0 0.0 0.0
19/03/21 23:40:10 0.0 0.0 0.0 0.0 0.0 0.0 0.0 0.0
19/03/21 23:40:20 0.0 0.0 0.0 0.0 0.0 0.0 0.0 0.0
19/03/21 23:40:30 0.0 0.0 0.0 0.0 0.0 0.0 0.0 0.0
19/03/21 23:40:40 0.0 0.0 0.0 0.0 0.0 0.0 0.0 0.0
19/03/21 23:40:50 0.0 0.0 0.0 0.0 0.0 0.0 0.0 0.0
19/03/21 23:41:00 0.0 0.0 0.0 0.0 0.0 0.0 0.0 0.0
19/03/21 23:41:10 0.0 0.0 0.0 0.0 0.0 0.0 0.0 0.0
19/03/21 23:41:20 0.05281984 0.121061533 0.023686066 0.001010258 0.000992612 0.006895061 0.001069463 0.001051325
19/03/21 23:41:30 0.0 0.0 0.0 0.001079547 0.000997051 0.00720673 0.0 0.001530784
19/03/21 23:41:40 0.0 0.0 0.0 0.000979825 0.001039625 0.00685116 0.0 0.001001118
19/03/21 23:41:50 0.0 0.0 0.0 0.001028142 0.001012427 0.008928519 0.0 0.001062665
19/03/21 23:42:00 0.0 0.0 0.0 0.001352179 0.001381586 0.007267852 0.0 0.001344997
19/03/21 23:42:10 0.0 0.0 0.0 0.000923888 0.005192308 0.007685889 0.0 0.001120653
19/03/21 23:42:20 0.008784923 0.043169949 0.016264656 0.001094933 0.00108194 0.008058007 0.000881276 0.001263289
19/03/21 23:42:30 0.0 0.0 0.0 0.000954913 0.001049485 0.007465701 0.0 0.001056515
19/03/21 23:42:40 0.0 0.0 0.0 0.000784905 0.00086079 0.006677852 0.0 0.000871056
19/03/21 23:42:50 0.0 0.0 0.0 0.001064369 0.001764575 0.006449836 0.0 0.000959022
19/03/21 23:43:00 0.0 0.0 0.0 0.001130638 0.001079976 0.005840667 0.0 0.001256985
19/03/21 23:43:10 0.0 0.0 0.0 0.001016748 0.000774423 0.008778221 0.0 0.001025941
19/03/21 23:43:20 0.0 0.0 0.0 0.00095997 0.001340897 0.007653499 0.0 0.001153842
19/03/21 23:43:30 0.008916624 0.050453714 0.017390819 0.001252114 0.00091661 0.00641079 0.001094908 0.001265087
19/03/21 23:43:40 0.0 0.0 0.0 0.000986729 0.001555875 0.011896241 0.0 0.00144424
19/03/21 23:43:50 0.0 0.0 0.0 0.001162026 0.000956266 0.009989187 0.0 0.001296993
19/03/21 23:44:00 0.0 0.0 0.0 0.001075839 0.00134913 0.007440795 0.0 0.000987566
19/03/21 23:44:10 0.0 0.0 0.0 0.001236625 0.000814838 0.005923889 0.0 0.002068636
19/03/21 23:44:20 0.0 0.0 0.0 0.000943609 0.001104774 0.011542418 0.0 0.001549552
19/03/21 23:44:30 0.0 0.0 0.0 0.001087612 0.001568283 0.008905482 0.0 0.000980074
19/03/21 23:44:40 0.008406075 0.047187784 0.023903336 0.001122282 0.00118612 0.00745397 0.001115947 0.00101181
19/03/21 23:44:50 0.0 0.0 0.0 0.001426279 0.000937722 0.00818346 0.0 0.000955498
19/03/21 23:45:00 0.0 0.0 0.0 0.000876946 0.001074143 0.006361159 0.0 0.001659017
19/03/21 23:45:10 0.0 0.0 0.0 0.000971427 0.001347221 0.006748682 0.0 0.001395221
19/03/21 23:45:20 0.0 0.0 0.0 0.001096426 0.001241514 0.009517392 0.0 0.001184878
19/03/21 23:45:30 0.0 0.0 0.0 0.001219215 0.001077753 0.008915651 0.0 0.001114951
19/03/21 23:45:40 0.0 0.0 0.0 0.001065098 0.0008852 0.007340946 0.0 0.001391281
19/03/21 23:45:50 0.0 0.0 0.0 0.000843126 0.001146922 0.006215795 0.0 0.001039902
19/03/21 23:46:00 0.009059325 0.048098659 0.024070892 0.001158918 0.002766495 0.016815885 0.001023943 0.001683646
19/03/21 23:46:10 0.0 0.0 0.0 0.006114263 0.001066707 0.009606831 0.0 0.000897808
19/03/21 23:46:20 0.0 0.0 0.0 0.001014514 0.001340175 0.011001385 0.0 0.001155149
19/03/21 23:46:30 0.0 0.0 0.0 0.001475522 0.001065914 0.007138221 0.0 0.001282416
19/03/21 23:46:40 0.0 0.0 0.0 0.001903322 0.001354645 0.006202083 0.0 0.001381161
19/03/21 23:46:50 0.0 0.0 0.0 0.001142321 0.001110708 0.007610472 0.0 0.001095106
19/03/21 23:47:00 0.011623834 0.038504733 0.02535741 0.001108102 0.001102418 0.008210338 0.003682168 0.007204632
19/03/21 23:47:10 0.0 0.0 0.0 0.004738833 0.001022109 0.010865554 0.0 0.002391016
19/03/21 23:47:20 0.0 0.0 0.0 0.001439626 0.001294284 0.008317117 0.0 0.002174446
19/03/21 23:47:30 0.0 0.0 0.0 0.001054948 0.001099146 0.015192615 0.0 0.001100939
19/03/21 23:47:40 0.0 0.0 0.0 0.001658833 0.001348987 0.010766233 0.0 0.001657841
19/03/21 23:47:50 0.0 0.0 0.0 0.001081403 0.00120553 0.010942344 0.0 0.00125704
19/03/21 23:48:00 0.0 0.0 0.0 0.001948079 0.001660443 0.008998102 0.0 0.001815507
19/03/21 23:48:10 0.008412931 0.0286361 0.024714782 0.004919022 0.001303213 0.013179576 0.001095563 0.001034583
19/03/21 23:48:20 0.0 0.0 0.0 0.001832835 0.002836314 0.010684999 0.0 0.001950407
19/03/21 23:48:30 0.0 0.0 0.0 0.001559144 0.002703782 0.006803068 0.0 0.004681483
19/03/21 23:48:40 0.0 0.0 0.0 0.001068189 0.001060722 0.007718421 0.0 0.004799619
19/03/21 23:48:50 0.0 0.0 0.0 0.00094474 0.001365754 0.006469032 0.0 0.001029963
19/03/21 23:49:00 0.0 0.0 0.0 0.003502232 0.002250322 0.010681769 0.0 0.001185342
19/03/21 23:49:10 0.0 0.0 0.0 0.001177382 0.001185238 0.007271939 0.0 0.001680205
19/03/21 23:49:20 0.0157609 0.042633124 0.024857219 0.001130006 0.001488885 0.014070678 0.002042158 0.00439387
19/03/21 23:49:30 0.0 0.0 0.0 0.001124828 0.001687992 0.006763751 0.0 0.001633417
19/03/21 23:49:40 0.0 0.0 0.0 0.001057078 0.002129846 0.01239959 0.0 0.001617936
19/03/21 23:49:50 0.0 0.0 0.0 0.001387439 0.000771768 0.012782638 0.0 0.001647239
19/03/21 23:50:00 0.0 0.0 0.0 0.002170928 0.001231959 0.007552432 0.0 0.010963523
19/03/21 23:50:10 0.0 0.0 0.0 0.001415945 0.001311396 0.007101283 0.0 0.001369316
19/03/21 23:50:20 0.0 0.0 0.0 0.00110818 0.002372315 0.00533306 0.0 0.001345389
19/03/21 23:50:30 0.015039997 0.02307703 0.018016415 0.002560699 0.009111724 0.014100272 0.001113522 0.001572384
19/03/21 23:50:40 0.0 0.0 0.0 0.002448786 0.001495523 0.01042479 0.0 0.011168619
19/03/21 23:50:50 0.0 0.0 0.0 0.001285447 0.003264406 0.012179079 0.0 0.004368051
19/03/21 23:51:00 0.0 0.0 0.0 0.002082113 0.00118999 0.015261832 0.0 0.003258385
19/03/21 23:51:10 0.0 0.0 0.0 0.00104356 0.003013838 0.01676716 0.0 0.004270827
19/03/21 23:51:20 0.0 0.0 0.0 0.002783302 0.001281515 0.019420234 0.0 0.001238145
19/03/21 23:51:30 0.0 0.0 0.0 0.002065556 0.006453342 0.008444118 0.0 0.007092847
19/03/21 23:51:40 0.008651096 0.040817977 0.041193325 0.002031447 0.004292341 0.009968924 0.000838244 0.001357248
19/03/21 23:51:50 0.0 0.0 0.0 0.002623629 0.000744563 0.01210136 0.0 0.000912391
19/03/21 23:52:00 0.0 0.0 0.0 0.001705424 0.003136123 0.020481988 0.0 0.001602388
19/03/21 23:52:10 0.0 0.0 0.0 0.002553952 0.00139987 0.009935813 0.0 0.001392008
19/03/21 23:52:20 0.0 0.0 0.0 0.006836357 0.001804051 0.025695627 0.0 0.004995267
19/03/21 23:52:30 0.0 0.0 0.0 0.002413935 0.00163491 0.013699971 0.0 0.001114641
19/03/21 23:52:40 0.0 0.0 0.0 0.005027907 0.001262936 0.006634542 0.0 0.001119134
19/03/21 23:52:50 0.01203181 0.049149493 0.023523422 0.003091263 0.003469943 0.020921006 0.001940055 0.001095261
19/03/21 23:53:00 0.0 0.0 0.0 0.002505239 0.008092461 0.009346736 0.0 0.001226502
19/03/21 23:53:10 0.0 0.0 0.0 0.003515954 0.002466781 0.014001951 0.0 0.005938412
19/03/21 23:53:20 0.0 0.0 0.0 0.003345063 0.002504064 0.01096813 0.0 0.001260013
19/03/21 23:53:30 0.0 0.0 0.0 0.001526009 0.001469394 0.01564982 0.0 0.001126511
19/03/21 23:53:40 0.0 0.0 0.0 0.000811521 0.000813775 0.011805566 0.0 0.001086933
19/03/21 23:53:50 0.0 0.0 0.0 0.002292403 0.002359526 0.013382925 0.0 0.001262148
19/03/21 23:54:00 0.014513432 0.031638344 0.025470289 0.002887272 0.001910508 0.01137848 0.005751247 0.003735023
19/03/21 23:54:10 0.0 0.0 0.0 0.004008254 0.006025796 0.013793434 0.0 0.001609665
19/03/21 23:54:20 0.0 0.0 0.0 0.004373962 0.00280816 0.023085373 0.0 0.001041879
19/03/21 23:54:30 0.0 0.0 0.0 0.011297666 0.00147076 0.017061503 0.0 0.001348681
19/03/21 23:54:40 0.0 0.0 0.0 0.003645544 0.000933391 0.022839041 0.0 0.00113251
19/03/21 23:54:50 0.0 0.0 0.0 0.002933189 0.001443359 0.022635198 0.0 0.004935126
19/03/21 23:55:00 0.0 0.0 0.0 0.003875188 0.002364109 0.028431329 0.0 0.003148541
19/03/21 23:55:10 0.010750852 0.027228723 0.025301925 0.00293683 0.005164349 0.020002652 0.001157155 0.000940902
19/03/21 23:55:20 0.0 0.0 0.0 0.002439855 0.004121049 0.010712623 0.0 0.006762392
19/03/21 23:55:30 0.0 0.0 0.0 0.002494436 0.001379845 0.016607009 0.0 0.001878363
19/03/21 23:55:40 0.0 0.0 0.0 0.004797314 0.005136719 0.032043953 0.0 0.003287553
19/03/21 23:55:50 0.0 0.0 0.0 0.008516639 0.002884778 0.020399069 0.0 0.000813689
19/03/21 23:56:00 0.0 0.0 0.0 0.001466253 0.00478955 0.025814372 0.0 0.00159245
19/03/21 23:56:10 0.009901201 0.05168975 0.119260661 0.001722464 0.003843627 0.009167426 0.002164846 0.000768933
19/03/21 23:56:20 0.0 0.0 0.0 0.006657617 0.007244979 0.011013407 0.0 0.00549696
19/03/21 23:56:30 0.0 0.0 0.0 0.003027464 0.004707429 0.026407302 0.0 0.008197495
19/03/21 23:56:40 0.0 0.0 0.0 0.003261711 0.001217828 0.02006659 0.0 0.001566316
19/03/21 23:56:50 0.0 0.0 0.0 0.009482373 0.00147225 0.021959295 0.0 0.003153441
19/03/21 23:57:00 0.0 0.0 0.0 0.002047054 0.012410955 0.013712499 0.0 0.003616301
19/03/21 23:57:10 0.0 0.0 0.0 0.003614737 0.002114601 0.022793292 0.0 0.001990214
19/03/21 23:57:20 0.015481295 0.031414403 0.026270413 0.004976167 0.00920632 0.028027338 0.001164866 0.002864006
19/03/21 23:57:30 0.0 0.0 0.0 0.005029606 0.001173017 0.024336744 0.0 0.001659356
19/03/21 23:57:40 0.0 0.0 0.0 0.00414222 0.003330924 0.010524781 0.0 0.000920251
19/03/21 23:57:50 0.0 0.0 0.0 0.003762271 0.00904335 0.015084714 0.0 0.001100193
19/03/21 23:58:00 0.0 0.0 0.0 0.007847603 0.002347582 0.013140264 0.0 0.001414781
19/03/21 23:58:10 0.0 0.0 0.0 0.001157674 0.0014926 0.013538631 0.0 0.005725002
19/03/21 23:58:20 0.0 0.0 0.0 0.00138498 0.005003495 0.023085909 0.0 0.001268747
19/03/21 23:58:30 0.008849305 0.028422939 0.025677993 0.002669084 0.007172003 0.015986619 0.002993991 0.001158567
19/03/21 23:58:40 0.0 0.0 0.0 0.004426732 0.005709689 0.027296668 0.0 0.004116276
19/03/21 23:58:50 0.0 0.0 0.0 0.005642317 0.001263283 0.029349908 0.0 0.001786998
19/03/21 23:59:00 0.0 0.0 0.0 0.009296343 0.001984264 0.011079474 0.0 0.004374108
19/03/21 23:59:10 0.0 0.0 0.0 0.003792196 0.001435974 0.013043064 0.0 0.011029732
19/03/21 23:59:20 0.0 0.0 0.0 0.008742254 0.001067787 0.018086379 0.0 0.002957132
19/03/21 23:59:30 0.0 0.0 0.0 0.001365995 0.007568719 0.02298116 0.0 0.003354187
19/03/21 23:59:40 0.010522709 0.025531067 0.024262099 0.009469612 0.004404912 0.014875453 0.001226083 0.001710848
19/03/21 23:59:50 0.0 0.0 0.0 0.002313799 0.010596391 0.026650909 0.0 0.012855623
19/03/22 00:00:00 0.0 0.0 0.0 0.006640447 0.007328831 0.03267025 0.0 0.005657145
19/03/22 00:00:10 0.0 0.0 0.0 0.001942906 0.005355669 0.030441944 0.0 0.00664791
19/03/22 00:00:20 0.0 0.0 0.0 0.003274074 0.008228378 0.030208686 0.0 0.011994324
19/03/22 00:00:30 0.0 0.0 0.0 0.002975738 0.011172062 0.014625598 0.0 0.001152029
19/03/22 00:00:40 0.0 0.0 0.0 0.006034706 0.001069734 0.032597711 0.0 0.00312576
19/03/22 00:00:50 0.022691594 0.018787062 0.024853654 0.014370964 0.007347702 0.035492411 0.001060134 0.001393101
19/03/22 00:01:00 0.0 0.0 0.0 0.00911265 0.005486921 0.018708913 0.0 0.002316776
19/03/22 00:01:10 0.0 0.0 0.0 0.005897112 0.008108176 0.040682147 0.0 0.001053544
19/03/22 00:01:20 0.0 0.0 0.0 0.004234918 0.00633574 0.044890084 0.0 0.001020065
19/03/22 00:01:30 0.0 0.0 0.0 0.005215196 0.007575239 0.031967171 0.0 0.003298703
19/03/22 00:01:40 0.0 0.0 0.0 0.021198813 0.024224614 0.021913753 0.0 0.007167909
19/03/22 00:01:50 0.0 0.0 0.0 0.013573205 0.009069653 0.023852243 0.0 0.012448423
19/03/22 00:02:00 0.012188275 0.043426408 0.024354644 0.005148179 0.002994979 0.020319606 0.010635221 0.010427525
19/03/22 00:02:10 0.0 0.0 0.0 0.006677797 0.004462154 0.020040655 0.0 0.006002076
19/03/22 00:02:20 0.0 0.0 0.0 0.008345901 0.012005465 0.034236856 0.0 0.005934606
19/03/22 00:02:30 0.0 0.0 0.0 0.003351086 0.003997767 0.017412664 0.0 0.003944918
19/03/22 00:02:40 0.0 0.0 0.0 0.003279555 0.001133833 0.038399107 0.0 0.004403316
19/03/22 00:02:50 0.0 0.0 0.0 0.007462398 0.002620632 0.05127694 0.0 0.000770854
19/03/22 00:03:00 0.01165737 0.030731952 0.024865396 0.005942373 0.002805953 0.01136494 0.001268376 0.002748372
19/03/22 00:03:10 0.0 0.0 0.0 0.009344844 0.00285682 0.024203329 0.0 0.014005553
19/03/22 00:03:20 0.0 0.0 0.0 0.003934304 0.000788998 0.012148884 0.0 0.0147335
19/03/22 00:03:30 0.0 0.0 0.0 0.004019686 0.011751922 0.048169815 0.0 0.00330527
19/03/22 00:03:40 0.0 0.0 0.0 0.003894788 0.005874445 0.031234971 0.0 0.002562681
19/03/22 00:03:50 0.0 0.0 0.0 0.005212075 0.001069288 0.009604921 0.0 0.00087766
19/03/22 00:04:00 0.0 0.0 0.0 0.0 0.0 0.0 0.0 0.0
19/03/22 00:04:10 0.0 0.0 0.0 0.0 0.0 0.0 0.0 0.0
19/03/22 00:04:20 0.0 0.0 0.0 0.0 0.0 0.0 0.0 0.0
19/03/22 00:04:30 0.0 0.0 0.0 0.0 0.0 0.0 0.0 0.0
19/03/22 00:04:40 0.0 0.0 0.0 0.0 0.0 0.0 0.0 0.0
19/03/22 00:04:50 0.0 0.0 0.0 0.0 0.0 0.0 0.0 0.0
19/03/22 00:05:00 0.0 0.0 0.0 0.0 0.0 0.0 0.0 0.0
19/03/22 00:05:10 0.0 0.0 0.0 0.0 0.0 0.0 0.0 0.0
19/03/22 00:05:20 0.0 0.0 0.0 0.0 0.0 0.0 0.0 0.0
19/03/22 00:05:30 0.0 0.0 0.0 0.0 0.0 0.0 0.0 0.0
19/03/22 00:05:40 0.0 0.0 0.0 0.0 0.0 0.0 0.0 0.0
19/03/22 00:05:50 0.0 0.0 0.0 0.0 0.0 0.0 0.0 0.0
19/03/22 00:06:00 0.0 0.0 0.0 0.0 0.0 0.0 0.0 0.0
19/03/22 00:06:10 0.0 0.0 0.0 0.0 0.0 0.0 0.0 0.0
19/03/22 00:06:20 0.0 0.0 0.0 0.0 0.0 0.0 0.0 0.0
19/03/22 00:06:30 0.0 0.0 0.0 0.0 0.0 0.0 0.0 0.0
19/03/22 00:06:40 0.0 0.0 0.0 0.0 0.0 0.0 0.0 0.0
19/03/22 00:06:50 0.0 0.0 0.0 0.0 0.0 0.0 0.0 0.0
19/03/22 00:07:00 0.0 0.0 0.0 0.0 0.0 0.0 0.0 0.0
19/03/22 00:07:10 0.0 0.0 0.0 0.0 0.0 0.0 0.0 0.0
19/03/22 00:07:20 0.0 0.0 0.0 0.0 0.0 0.0 0.0 0.0
19/03/22 00:07:30 0.0 0.0 0.0 0.0 0.0 0.0 0.0 0.0
19/03/22 00:07:40 0.0 0.0 0.0 0.0 0.0 0.0 0.0 0.0
19/03/22 00:07:50 0.008142302 0.029198745 0.016506337 0.000959577 0.001024277 0.006750744 0.000949413 0.001026235
19/03/22 00:08:00 0.0 0.0 0.0 0.001448087 0.00098771 0.011761256 0.0 0.001375854
19/03/22 00:08:10 0.0 0.0 0.0 0.001441623 0.001066984 0.012005316 0.0 0.000995056
19/03/22 00:08:20 0.0 0.0 0.0 0.000852177 0.000956013 0.006300166 0.0 0.002021451
19/03/22 00:08:30 0.0 0.0 0.0 0.001833467 0.001059015 0.016926928 0.0 0.001248241
19/03/22 00:08:40 0.0 0.0 0.0 0.000873951 0.000809846 0.005611193 0.0 0.000935916
19/03/22 00:08:50 0.0 0.0 0.0 0.001248722 0.001543951 0.019802944 0.0 0.001215073
19/03/22 00:09:00 0.007674019 0.029712286 0.024560196 0.001155531 0.001103759 0.010331635 0.00105072 0.001029362
19/03/22 00:09:10 0.0 0.0 0.0 0.001062371 0.000788957 0.009095431 0.0 0.001088323
19/03/22 00:09:20 0.0 0.0 0.0 0.00101508 0.001003312 0.012744981 0.0 0.000958589
19/03/22 00:09:30 0.0 0.0 0.0 0.001837436 0.000909437 0.01368187 0.0 0.001237729
19/03/22 00:09:40 0.0 0.0 0.0 0.002223756 0.001299685 0.006897989 0.0 0.000867582
19/03/22 00:09:50 0.0 0.0 0.0 0.001371999 0.002101669 0.007963974 0.0 0.001220564
19/03/22 00:10:00 0.0 0.0 0.0 0.001169343 0.001296568 0.012685312 0.0 0.001482794
19/03/22 00:10:10 0.008271044 0.022316388 0.025235446 0.001283492 0.000887117 0.016576254 0.000826705 0.001243813
19/03/22 00:10:20 0.0 0.0 0.0 0.001361185 0.001301814 0.012924709 0.0 0.001286052
19/03/22 00:10:30 0.0 0.0 0.0 0.000793155 0.000879517 0.010611373 0.0 0.001193306
19/03/22 00:10:40 0.0 0.0 0.0 0.001024493 0.001292665 0.011542702 0.0 0.001088937
19/03/22 00:10:50 0.0 0.0 0.0 0.001047789 0.001010944 0.00769746 0.0 0.001157717
19/03/22 00:11:00 0.0 0.0 0.0 0.000993234 0.001262895 0.012474685 0.0 0.001390726
19/03/22 00:11:10 0.0 0.0 0.0 0.001025675 0.001072501 0.013376096 0.0 0.001229325
19/03/22 00:11:20 0.056452187 0.026518356 0.022694756 0.003408793 0.000702925 0.013159448 0.000987088 0.001213134
19/03/22 00:11:30 0.0 0.0 0.0 0.001024198 0.001505428 0.010278443 0.0 0.004096104
19/03/22 00:11:40 0.0 0.0 0.0 0.001243549 0.000965202 0.011171449 0.0 0.001244999
19/03/22 00:11:50 0.0 0.0 0.0 0.004503675 0.029928013 0.030712213 0.0 0.001330007
19/03/22 00:12:00 0.0 0.0 0.0 0.000930913 0.000868639 0.010815999 0.0 0.001020736
19/03/22 00:12:10 0.0 0.0 0.0 0.001320812 0.001027987 0.010748636 0.0 0.001104314
19/03/22 00:12:20 0.0 0.0 0.0 0.001089118 0.001239114 0.010375831 0.0 0.001654167
19/03/22 00:12:30 0.009079298 0.037687244 0.046436968 0.055839164 0.082117272 0.04486875 0.001597567 0.001406673
19/03/22 00:12:40 0.0 0.0 0.0 0.001512744 0.004980452 0.033360087 0.0 0.001198591
19/03/22 00:12:50 0.0 0.0 0.0 0.001170919 0.004965202 0.015017098 0.0 0.001568015
19/03/22 00:13:00 0.0 0.0 0.0 0.001065356 0.00111471 0.018404435 0.0 0.001019498
19/03/22 00:13:10 0.0 0.0 0.0 0.001352653 0.007512018 0.010438746 0.0 0.000871748
19/03/22 00:13:20 0.0 0.0 0.0 0.00144077 0.001159747 0.010667828 0.0 0.001808063
19/03/22 00:13:30 0.0 0.0 0.0 0.001169868 0.001138001 0.01106667 0.0 0.001202915
19/03/22 00:13:40 0.015204361 0.024503051 0.016491845 0.001619409 0.0027619 0.015358602 0.001176796 0.00158563
19/03/22 00:13:50 0.0 0.0 0.0 0.076937786 0.181632615 0.064302179 0.0 0.074205477
19/03/22 00:14:00 0.0 0.0 0.0 0.032385365 0.001173912 0.034696057 0.0 0.001116972
19/03/22 00:14:10 0.0 0.0 0.0 0.055725952 0.001358411 0.044924022 0.0 0.001196946
19/03/22 00:14:20 0.0 0.0 0.0 0.005315393 0.000960657 0.012785248 0.0 0.017058399
19/03/22 00:14:30 0.0 0.0 0.0 0.002782449 0.001287492 0.013823064 0.0 0.001280327
19/03/22 00:14:40 0.418507694 0.025371387 0.025362485 0.004341387 0.001148301 0.015975532 0.005582426 0.005821691
19/03/22 00:14:50 0.0 0.0 0.0 0.007636699 0.066924845 0.045472568 0.0 0.001670332
19/03/22 00:15:00 0.0 0.0 0.0 0.002127554 0.00094683 0.020374929 0.0 0.0048517
19/03/22 00:15:10 0.0 0.0 0.0 0.002282089 0.001379091 0.017247688 0.0 0.001348896
19/03/22 00:15:20 0.0 0.0 0.0 0.002269495 0.001286869 0.01903148 0.0 0.436149661
19/03/22 00:15:30 0.0 0.0 0.0 0.005081997 0.004738177 0.011434151 0.0 0.058227584
19/03/22 00:15:40 0.0 0.0 0.0 0.00101176 0.001184995 0.013909783 0.0 0.006322679
19/03/22 00:15:50 0.327544953 0.032752639 0.020604547 0.001662845 0.001110689 0.122317606 0.00365486 0.001295171
19/03/22 00:16:00 0.0 0.0 0.0 0.003303034 0.005846493 0.023175195 0.0 0.001864144
19/03/22 00:16:10 0.0 0.0 0.0 0.001621726 0.001913018 0.016607435 0.0 0.004798915
19/03/22 00:16:20 0.0 0.0 0.0 0.109390166 0.114499036 0.130575243 0.0 0.002644263
19/03/22 00:16:30 0.0 0.0 0.0 0.151415306 0.091285501 0.203392693 0.0 0.007240573
19/03/22 00:16:40 0.0 0.0 0.0 0.144226622 0.087196661 0.072284196 0.0 0.001569855
19/03/22 00:16:50 0.0 0.0 0.0 0.194784547 0.241817134 0.244057301 0.0 0.001313862
19/03/22 00:17:00 0.510510524 0.026605669 0.024337493 0.005800404 0.001431042 0.014481346 0.004171591 0.002373306
19/03/22 00:17:10 0.0 0.0 0.0 0.003083871 0.001323664 0.01160481 0.0 0.007723381
19/03/22 00:17:20 0.0 0.0 0.0 0.002482657 0.001830844 0.010857128 0.0 0.002392478
19/03/22 00:17:30 0.0 0.0 0.0 0.001927786 0.005200751 0.057527141 0.0 0.001329857
19/03/22 00:17:40 0.0 0.0 0.0 0.001173478 0.001366336 0.018303972 0.0 0.001492681
19/03/22 00:17:50 0.0 0.0 0.0 0.039778062 0.150002064 0.169314523 0.0 0.001354382
19/03/22 00:18:00 0.0 0.0 0.0 0.00140574 0.001561903 0.011616976 0.0 0.002041741
19/03/22 00:18:10 0.0 0.0 0.0 0.003016582 0.001761269 0.018751223 0.0 0.006234286
19/03/22 00:18:20 0.0 0.0 0.0 0.053021387 0.154855711 0.116819822 0.0 0.001512478
19/03/22 00:18:30 0.0 0.0 0.0 0.054882939 0.005874836 0.016217945 0.0 0.003657887
19/03/22 00:18:40 0.0 0.0 0.0 0.004428232 0.001075926 0.019370616 0.0 0.00114148
19/03/22 00:18:50 0.0 0.0 0.0 0.001217251 0.001069445 0.011174448 0.0 0.000972852
19/03/22 00:19:00 0.0 0.0 0.0 0.003937991 0.005668174 0.018871315 0.0 0.004857018
19/03/22 00:19:10 0.0 0.0 0.0 0.0 0.0 0.0 0.0 0.0
19/03/22 00:19:20 0.157256901 0.256137731 0.033311618 0.001039087 0.001271973 0.008989358 0.001103113 0.0
19/03/22 00:19:30 0.019104296 0.021448484 0.024291264 0.002794093 0.002108485 0.009977084 0.001078308 0.003649718
19/03/22 00:19:40 0.0 0.0 0.0 0.000957623 0.00093264 0.013223513 0.0 0.001163424
19/03/22 00:19:50 0.0 0.0 0.0 0.002241893 0.00130918 0.012756927 0.0 0.0011099
19/03/22 00:20:00 0.0 0.0 0.0 0.001115 0.001714795 0.015978367 0.0 0.001077928
19/03/22 00:20:10 0.0 0.0 0.0 0.001378327 0.00131329 0.008143799 0.0 0.001179636
19/03/22 00:20:20 0.0 0.0 0.0 0.001154467 0.002233898 0.021673293 0.0 0.001766714
19/03/22 00:20:30 0.0 0.0 0.0 0.001175631 0.002316547 0.008899399 0.0 0.001122936
19/03/22 00:20:40 0.0 0.0 0.0 0.00116603 0.001131373 0.017826346 0.0 0.000948581
19/03/22 00:20:50 0.0 0.0 0.0 0.000962928 0.001185121 0.008479217 0.0 0.001092053
19/03/22 00:21:00 0.0 0.0 0.0 0.00190615 0.001873882 0.013249308 0.0 0.001167634
19/03/22 00:21:10 0.0 0.0 0.0 0.001061201 0.001729969 0.026368394 0.0 0.00128354
19/03/22 00:21:20 0.0 0.0 0.0 0.011555059 0.002031111 0.02026112 0.0 0.001019507
19/03/22 00:21:30 0.0 0.0 0.0 0.001774804 0.002427116 0.019152005 0.0 0.002942781
19/03/22 00:21:40 0.0 0.0 0.0 0.0 0.0 0.0 0.0 0.0
19/03/22 00:21:50 0.0 0.0 0.0 0.0 0.0 0.0 0.0 0.0
19/03/22 00:22:00 0.0 0.0 0.0 0.0 0.0 0.0 0.0 0.0
19/03/22 00:22:10 0.0 0.0 0.0 0.0 0.0 0.0 0.0 0.0
19/03/22 00:22:20 0.0 0.0 0.0 0.0 0.0 0.0 0.0 0.0
19/03/22 00:22:30 0.0 0.0 0.0 0.0 0.0 0.0 0.0 0.0
19/03/22 00:22:40 0.0 0.0 0.0 0.0 0.0 0.0 0.0 0.0
19/03/22 00:22:50 0.00795074 0.025856522 0.024660819 0.001099594 0.000831279 0.006450672 0.000711779 0.000986246
19/03/22 00:23:00 0.0 0.0 0.0 0.000943453 0.00095181 0.006412818 0.0 0.001181767
19/03/22 00:23:10 0.0 0.0 0.0 0.000922977 0.001145786 0.007906241 0.0 0.000977483
19/03/22 00:23:20 0.0 0.0 0.0 0.001221156 0.001266902 0.007284563 0.0 0.001269376
19/03/22 00:23:30 0.0 0.0 0.0 0.001372974 0.000872929 0.010300699 0.0 0.001153308
19/03/22 00:23:40 0.0 0.0 0.0 0.000874196 0.001117989 0.006236709 0.0 0.000974945
19/03/22 00:23:50 0.0 0.0 0.0 0.001072382 0.000935868 0.008920378 0.0 0.001151671
19/03/22 00:24:00 0.010199271 0.044810838 0.023354897 0.001370046 0.001058244 0.020611655 0.001095624 0.025975398
19/03/22 00:24:10 0.0 0.0 0.0 0.001169044 0.001032702 0.006643571 0.0 0.001059819
19/03/22 00:24:20 0.0 0.0 0.0 0.001317011 0.001403446 0.018815675 0.0 0.001219093
19/03/22 00:24:30 0.0 0.0 0.0 0.000996432 0.000995154 0.011168112 0.0 0.000974074
19/03/22 00:24:40 0.0 0.0 0.0 0.001179909 0.001075767 0.012801193 0.0 0.0010766
19/03/22 00:24:50 0.0 0.0 0.0 0.001429728 0.001446234 0.009964065 0.0 0.001358827
19/03/22 00:25:00 0.0 0.0 0.0 0.002913333 0.001024076 0.00655502 0.0 0.001053972
19/03/22 00:25:10 0.016051273 0.024798306 0.016190717 0.001343518 0.000853569 0.010534593 0.001016962 0.001500265
19/03/22 00:25:20 0.0 0.0 0.0 0.001227196 0.000953105 0.011993155 0.0 0.000961135
19/03/22 00:25:30 0.0 0.0 0.0 0.001283607 0.001362194 0.010339579 0.0 0.000980947
19/03/22 00:25:40 0.0 0.0 0.0 0.001057941 0.001226583 0.008828579 0.0 0.000920661
19/03/22 00:25:50 0.0 0.0 0.0 0.013070796 0.001486226 0.006998653 0.0 0.001229095
19/03/22 00:26:00 0.0 0.0 0.0 0.001261638 0.001942464 0.012130599 0.0 0.001028111
19/03/22 00:26:10 0.0 0.0 0.0 0.001279204 0.00151093 0.010354309 0.0 0.001195056
19/03/22 00:26:20 0.022106528 0.029332949 0.025065127 0.001125592 0.001085951 0.013261261 0.001268784 0.000909799
19/03/22 00:26:30 0.0 0.0 0.0 0.001277241 0.000985075 0.010578082 0.0 0.001265966
19/03/22 00:26:40 0.0 0.0 0.0 0.001134391 0.001372776 0.01068544 0.0 0.001265332
19/03/22 00:26:50 0.0 0.0 0.0 0.001402058 0.001128426 0.012122654 0.0 0.00128874
19/03/22 00:27:00 0.0 0.0 0.0 0.000984108 0.000941445 0.010045691 0.0 0.002641412
19/03/22 00:27:10 0.0 0.0 0.0 0.000988227 0.022803278 0.010237589 0.0 0.002218778
19/03/22 00:27:20 0.0 0.0 0.0 0.019371869 0.001539074 0.026961139 0.0 0.001233054
19/03/22 00:27:30 0.008439758 0.024128464 0.023106932 0.0016652 0.001433671 0.011244045 0.005119437 0.00125125
19/03/22 00:27:40 0.0 0.0 0.0 0.01292608 0.001081544 0.011395166 0.0 0.001797719
19/03/22 00:27:50 0.0 0.0 0.0 0.00295168 0.001028403 0.013906336 0.0 0.001442434
19/03/22 00:28:00 0.0 0.0 0.0 0.001424404 0.001015176 0.011604875 0.0 0.001055866
19/03/22 00:28:10 0.0 0.0 0.0 0.001319451 0.001942277 0.018525103 0.0 0.00113575
19/03/22 00:28:20 0.0 0.0 0.0 0.052020946 0.060588412 0.0418773 0.0 0.001120867
19/03/22 00:28:30 0.008835688 0.020255213 0.02389337 0.001847541 0.000879627 0.011401316 0.001309507 0.000957518
19/03/22 00:28:40 0.0 0.0 0.0 0.002760426 0.001542815 0.01124447 0.0 0.001206735
19/03/22 00:28:50 0.0 0.0 0.0 0.001213809 0.001542106 0.014539701 0.0 0.002785589
19/03/22 00:29:00 0.0 0.0 0.0 0.040590186 0.046030389 0.094678039 0.0 0.001425774
19/03/22 00:29:10 0.0 0.0 0.0 0.001831916 0.000911118 0.011067933 0.0 0.001301342
19/03/22 00:29:20 0.0 0.0 0.0 0.196915593 0.080471672 0.048628222 0.0 0.059557097
19/03/22 00:29:30 0.0 0.0 0.0 0.001056508 0.001172534 0.011528177 0.0 0.001178865
19/03/22 00:29:40 0.162316494 0.026157445 0.024400927 0.001795 0.000893065 0.011790997 0.001734895 0.001374526
19/03/22 00:29:50 0.0 0.0 0.0 0.001096351 0.001140221 0.013473657 0.0 0.001106483
19/03/22 00:30:00 0.0 0.0 0.0 0.002287033 0.000975538 0.011686988 0.0 0.003766764
19/03/22 00:30:10 0.0 0.0 0.0 0.001289321 0.003289093 0.015208561 0.0 0.001019833
19/03/22 00:30:20 0.0 0.0 0.0 0.002691605 0.001551182 0.012210612 0.0 0.001304328
19/03/22 00:30:30 0.0 0.0 0.0 0.002375227 0.000802687 0.014757274 0.0 0.001069401
19/03/22 00:30:40 0.0 0.0 0.0 0.045337355 0.066874453 0.052197441 0.0 0.001067986
19/03/22 00:30:50 0.011419538 0.031207447 0.021853904 0.001058794 0.00721818 0.026114942 0.001917916 0.001162062
19/03/22 00:31:00 0.0 0.0 0.0 0.003822731 0.005808754 0.012745839 0.0 0.00392682
19/03/22 00:31:10 0.0 0.0 0.0 0.002630139 0.001066214 0.01049134 0.0 0.009318944
19/03/22 00:31:20 0.0 0.0 0.0 0.054644628 0.095969052 0.099104369 0.0 0.002910659
19/03/22 00:31:30 0.0 0.0 0.0 0.001380841 0.001769577 0.022342247 0.0 0.001649287
19/03/22 00:31:40 0.0 0.0 0.0 0.045957864 0.151621474 0.158330945 0.0 0.005028216
19/03/22 00:31:50 0.0 0.0 0.0 0.002833416 0.001788558 0.012295007 0.0 0.00112373
19/03/22 00:32:00 0.180886055 0.024401893 0.020072996 0.002350402 0.001244792 0.014305693 0.004770282 0.00573406
19/03/22 00:32:10 0.0 0.0 0.0 0.004547111 0.00225964 0.017847282 0.0 0.001012922
19/03/22 00:32:20 0.0 0.0 0.0 0.002795764 0.003094513 0.03258335 0.0 0.00328776
19/03/22 00:32:30 0.0 0.0 0.0 0.001034967 0.001191575 0.017794925 0.0 0.00118483
19/03/22 00:32:40 0.0 0.0 0.0 0.184440154 0.267275185 0.111754513 0.0 0.18369411
19/03/22 00:32:50 0.0 0.0 0.0 0.007852182 0.00123325 0.022217026 0.0 0.004024851
19/03/22 00:33:00 0.0 0.0 0.0 0.0 0.0 0.0 0.0 0.0
19/03/22 00:33:10 0.00715251 0.020022069 0.016513564 0.001457459 0.000971655 0.017065987 0.000878087 0.001372473
19/03/22 00:33:20 0.014097237 0.021016004 0.033892572 0.001004906 0.000759054 0.015281526 0.001149363 0.001177881
19/03/22 00:33:30 0.0 0.0 0.0 0.005196338 0.005965006 0.013603697 0.0 0.001261359
19/03/22 00:33:40 0.0 0.0 0.0 0.00476024 0.003339746 0.012091969 0.0 0.001330663
19/03/22 00:33:50 0.0 0.0 0.0 0.005196397 0.001307581 0.010734267 0.0 0.001138632
19/03/22 00:34:00 0.0 0.0 0.0 0.002080839 0.002050734 0.014377257 0.0 0.001419869
19/03/22 00:34:10 0.0 0.0 0.0 0.003070778 0.003455241 0.013729528 0.0 0.001488674
19/03/22 00:34:20 0.011277263 0.026791891 0.023730068 0.002530601 0.00164317 0.014503374 0.010352024 0.001413801
19/03/22 00:34:30 0.0 0.0 0.0 0.001269181 0.001407138 0.010234377 0.0 0.001509299
19/03/22 00:34:40 0.0 0.0 0.0 0.002076835 0.005795333 0.009413832 0.0 0.001136222
19/03/22 00:34:50 0.0 0.0 0.0 0.002190675 0.00236983 0.011532372 0.0 0.000905784
19/03/22 00:35:00 0.0 0.0 0.0 0.00201212 0.003413714 0.011983339 0.0 0.001204872
19/03/22 00:35:10 0.0 0.0 0.0 0.001941273 0.001035491 0.013419634 0.0 0.001647693
19/03/22 00:35:20 0.0 0.0 0.0 0.001323807 0.005757447 0.008365918 0.0 0.000951106
19/03/22 00:35:30 0.011008203 0.026047983 0.025041105 0.003359453 0.004480619 0.010975213 0.001033421 0.007374608
19/03/22 00:35:40 0.0 0.0 0.0 0.000967773 0.001805422 0.00941355 0.0 0.000972684
19/03/22 00:35:50 0.0 0.0 0.0 0.002561631 0.00316639 0.013522356 0.0 0.003016097
19/03/22 00:36:00 0.0 0.0 0.0 0.003454003 0.001366547 0.010499137 0.0 0.005080611
19/03/22 00:36:10 0.0 0.0 0.0 0.002549791 0.00897031 0.006562883 0.0 0.001042324
19/03/22 00:36:20 0.0 0.0 0.0 0.003092512 0.009540315 0.021658905 0.0 0.00437088
19/03/22 00:36:30 0.0 0.0 0.0 0.002657122 0.003558719 0.006773662 0.0 0.002972343
19/03/22 00:36:40 0.010527276 0.061932662 0.024092498 0.005173829 0.000982552 0.012850423 0.001349726 0.006395623
19/03/22 00:36:50 0.0 0.0 0.0 0.002180024 0.004423726 0.016557476 0.0 0.005137811
19/03/22 00:37:00 0.0 0.0 0.0 0.001617971 0.001217006 0.012498277 0.0 0.001396127
19/03/22 00:37:10 0.0 0.0 0.0 0.002285932 0.001111513 0.033722428 0.0 0.000988275
19/03/22 00:37:20 0.0 0.0 0.0 0.00340863 0.001230039 0.010820101 0.0 0.001351322
19/03/22 00:37:30 0.0 0.0 0.0 0.001668806 0.001424732 0.023036849 0.0 0.001074559
19/03/22 00:37:40 0.0 0.0 0.0 0.007051734 0.002008117 0.01797994 0.0 0.001354905
19/03/22 00:37:50 0.021724055 0.036919442 0.019293735 0.007601342 0.016470164 0.012776453 0.001082631 0.00755926
19/03/22 00:38:00 0.0 0.0 0.0 0.000839448 0.005854896 0.016861815 0.0 0.00234064
19/03/22 00:38:10 0.0 0.0 0.0 0.005231335 0.004740453 0.018438523 0.0 0.003220264
19/03/22 00:38:20 0.0 0.0 0.0 0.008450427 0.001696806 0.009614737 0.0 0.001105304
19/03/22 00:38:30 0.0 0.0 0.0 0.009797585 0.003714408 0.022618781 0.0 0.004839164
19/03/22 00:38:40 0.0 0.0 0.0 0.001922831 0.001081805 0.010071448 0.0 0.001248315
19/03/22 00:38:50 0.0 0.0 0.0 0.001194294 0.002290346 0.021592089 0.0 0.002012527
19/03/22 00:39:00 0.007805176 0.27178168 0.189690368 0.004578466 0.001018516 0.016086112 0.001467238 0.011139145
19/03/22 00:39:10 0.0 0.0 0.0 0.006450117 0.002690117 0.021236305 0.0 0.001381954
19/03/22 00:39:20 0.0 0.0 0.0 0.003937846 0.005019766 0.013306726 0.0 0.001589032
19/03/22 00:39:30 0.0 0.0 0.0 0.001400367 0.002288519 0.008197385 0.0 0.001578795
19/03/22 00:39:40 0.0 0.0 0.0 0.001707638 0.005592058 0.008887072 0.0 0.001083486
19/03/22 00:39:50 0.0 0.0 0.0 0.005020528 0.001102706 0.011199705 0.0 0.003375749
19/03/22 00:40:00 0.0 0.0 0.0 0.0 0.0 0.0 0.0 0.0
19/03/22 00:40:10 0.0 0.0 0.0 0.0 0.0 0.0 0.0 0.0
19/03/22 00:40:20 0.0 0.0 0.0 0.0 0.0 0.0 0.0 0.0
19/03/22 00:40:30 0.0 0.0 0.0 0.0 0.0 0.0 0.0 0.0
19/03/22 00:40:40 0.0 0.0 0.0 0.0 0.0 0.0 0.0 0.0
19/03/22 00:40:50 0.0 0.0 0.0 0.0 0.0 0.0 0.0 0.0
19/03/22 00:41:00 0.01165307 0.039272287 0.024721178 0.00090059 0.001375272 0.0085658 0.000970573 0.001313667
19/03/22 00:41:10 0.0 0.0 0.0 0.000908854 0.001054687 0.008537156 0.0 0.001223966
19/03/22 00:41:20 0.0 0.0 0.0 0.001335325 0.001165193 0.006542705 0.0 0.001340349
19/03/22 00:41:30 0.0 0.0 0.0 0.00092239 0.00129819 0.020630059 0.0 0.001141901
19/03/22 00:41:40 0.0 0.0 0.0 0.001148076 0.001192547 0.006501836 0.0 0.001731682
19/03/22 00:41:50 0.0 0.0 0.0 0.000952296 0.001097793 0.005941609 0.0 0.00108044
19/03/22 00:42:00 0.0 0.0 0.0 0.001106902 0.00114019 0.00822618 0.0 0.001277279
19/03/22 00:42:10 0.010466271 0.027709692 0.024870872 0.001342164 0.001193458 0.009799725 0.001119808 0.001446925
19/03/22 00:42:20 0.0 0.0 0.0 0.000960633 0.0009386 0.005512812 0.0 0.000959967
19/03/22 00:42:30 0.0 0.0 0.0 0.001185661 0.000992926 0.005546851 0.0 0.001511345
19/03/22 00:42:40 0.0 0.0 0.0 0.00141428 0.001329192 0.010389192 0.0 0.001094657
19/03/22 00:42:50 0.0 0.0 0.0 0.001448897 0.001283037 0.010498908 0.0 0.001342638
19/03/22 00:43:00 0.0 0.0 0.0 0.000970141 0.000743254 0.009743382 0.0 0.000744677
19/03/22 00:43:10 0.0 0.0 0.0 0.0 0.0 0.0 0.0 0.0
19/03/22 00:43:20 0.0 0.0 0.0 0.0 0.0 0.0 0.0 0.0
19/03/22 00:43:30 0.0 0.0 0.0 0.0 0.0 0.0 0.0 0.0
19/03/22 00:43:40 0.0 0.0 0.0 0.0 0.0 0.0 0.0 0.0
19/03/22 00:43:50 0.0 0.0 0.0 0.0 0.0 0.0 0.0 0.0
19/03/22 00:44:00 0.0 0.0 0.0 0.0 0.0 0.0 0.0 0.0
19/03/22 00:44:10 0.0 0.0 0.0 0.0 0.0 0.0 0.0 0.0
19/03/22 00:44:20 0.0 0.0 0.0 0.0 0.0 0.0 0.0 0.0
19/03/22 00:44:30 0.0 0.0 0.0 0.0 0.0 0.0 0.0 0.0
19/03/22 00:44:40 0.0 0.0 0.0 0.0 0.0 0.0 0.0 0.0
19/03/22 00:44:50 0.0 0.0 0.0 0.0 0.0 0.0 0.0 0.0
19/03/22 00:45:00 0.0 0.0 0.0 0.0 0.0 0.0 0.0 0.0
19/03/22 00:45:10 0.0 0.0 0.0 0.0 0.0 0.0 0.0 0.0
19/03/22 00:45:20 0.0 0.0 0.0 0.0 0.0 0.0 0.0 0.0
19/03/22 00:45:30 0.0 0.0 0.0 0.0 0.0 0.0 0.0 0.0
19/03/22 00:45:40 0.0 0.0 0.0 0.0 0.0 0.0 0.0 0.0
19/03/22 00:45:50 0.0 0.0 0.0 0.0 0.0 0.0 0.0 0.0
19/03/22 00:46:00 0.0 0.0 0.0 0.0 0.0 0.0 0.0 0.0
19/03/22 00:46:10 0.0 0.0 0.0 0.0 0.0 0.0 0.0 0.0
19/03/22 00:46:20 0.0 0.0 0.0 0.0 0.0 0.0 0.0 0.0
19/03/22 00:46:30 0.0 0.0 0.0 0.0 0.0 0.0 0.0 0.0
19/03/22 00:46:40 0.0 0.0 0.0 0.0 0.0 0.0 0.0 0.0
19/03/22 00:46:50 0.0 0.0 0.0 0.0 0.0 0.0 0.0 0.0
19/03/22 00:47:00 0.0 0.0 0.0 0.0 0.0 0.0 0.0 0.0
19/03/22 00:47:10 0.0 0.0 0.0 0.0 0.0 0.0 0.0 0.0
19/03/22 00:47:20 0.0 0.0 0.0 0.0 0.0 0.0 0.0 0.0
19/03/22 00:47:30 0.0 0.0 0.0 0.0 0.0 0.0 0.0 0.0
19/03/22 00:47:40 0.013553451 0.037940147 0.024278908 0.001262007 0.001353127 0.007385377 0.001089611 0.001378471
19/03/22 00:47:50 0.0 0.0 0.0 0.001295766 0.001161631 0.007334457 0.0 0.001231322
19/03/22 00:48:00 0.0 0.0 0.0 0.001406754 0.001441775 0.007358668 0.0 0.001189779
19/03/22 00:48:10 0.007636048 0.045725105 0.024568448 0.001231324 0.001548656 0.00630116 0.000776369 0.001261648
19/03/22 00:48:20 0.0 0.0 0.0 0.001032623 0.001011662 0.006550032 0.0 0.001142582
19/03/22 00:48:30 0.0 0.0 0.0 0.001623702 0.001155018 0.007238885 0.0 0.001252026
19/03/22 00:48:40 0.011141197 0.024253284 0.023665191 0.000870579 0.000741474 0.006095775 0.0008359 0.001972499
19/03/22 00:48:50 0.0 0.0 0.0 0.001250051 0.001007394 0.006014148 0.0 0.000983416
19/03/22 00:49:00 0.0 0.0 0.0 0.000914748 0.000893283 0.006449076 0.0 0.000995474
19/03/22 00:49:10 0.008897668 0.039088374 0.024532827 0.001089377 0.000872227 0.009518189 0.00111485 0.001187806
19/03/22 00:49:20 0.0 0.0 0.0 0.0011411 0.001013578 0.006401273 0.0 0.003404129
19/03/22 00:49:30 0.0 0.0 0.0 0.001126816 0.001083244 0.007056505 0.0 0.001001225
19/03/22 00:49:40 0.01524617 0.035556625 0.025761361 0.00332411 0.003434701 0.007178011 0.001207609 0.001256341
19/03/22 00:49:50 0.0 0.0 0.0 0.000775465 0.001024267 0.006678118 0.0 0.001012212
19/03/22 00:50:00 0.0 0.0 0.0 0.002572156 0.000955404 0.008181786 0.0 0.001274532
19/03/22 00:50:10 0.008369396 0.024151733 1.608084165 0.00121282 0.000760476 0.012992821 0.001065405 0.001020533
19/03/22 00:50:20 0.0 0.0 0.0 0.001262868 0.001533086 0.007957639 0.0 0.001736775
19/03/22 00:50:30 0.0 0.0 0.0 0.004866738 0.007668259 0.006544941 0.0 0.001255688
19/03/22 00:50:40 0.008962131 0.033312652 0.025398252 0.001245246 0.001178365 0.006603848 0.001197385 0.000976807
19/03/22 00:50:50 0.0 0.0 0.0 0.001153658 0.000853805 0.013644689 0.0 0.001299146
19/03/22 00:51:00 0.0 0.0 0.0 0.001052142 0.004029628 0.018659325 0.0 0.001393683
19/03/22 00:51:10 0.027286923 0.024073046 0.023641961 0.001852506 0.003060932 0.034345701 0.001321576 0.006293248
19/03/22 00:51:20 0.0 0.0 0.0 0.00217069 0.001169543 0.015794589 0.0 0.002391055
19/03/22 00:51:30 0.0 0.0 0.0 0.007470199 0.001460367 0.008955125 0.0 0.002702139
19/03/22 00:51:40 0.015083066 0.027974816 0.024227728 0.006682835 0.004438598 0.018614086 0.001454746 0.008495901
19/03/22 00:51:50 0.0 0.0 0.0 0.001216556 0.002169591 0.018689355 0.0 0.001534513
19/03/22 00:52:00 0.0 0.0 0.0 0.001649368 0.001319745 0.014642462 0.0 0.004216772
19/03/22 00:52:10 0.014173705 0.034625059 0.038357723 0.002867588 0.002605363 0.011971817 0.001169823 0.000982513
19/03/22 00:52:20 0.0 0.0 0.0 0.002135889 0.002230024 0.018611014 0.0 0.00237162
19/03/22 00:52:30 0.0 0.0 0.0 0.00155809 0.00142794 0.01016702 0.0 0.006802585
19/03/22 00:52:40 0.014005576 0.028247507 0.024841922 0.006537591 0.005034354 0.012521857 0.001367673 0.00089206
19/03/22 00:52:50 0.0 0.0 0.0 0.00553315 0.002037313 0.034485353 0.0 0.000845985
19/03/22 00:53:00 0.0 0.0 0.0 0.002597929 0.005595152 0.014912197 0.0 0.001279271
19/03/22 00:53:10 0.03580588 0.02851646 0.02795748 0.004062975 0.005593441 0.009230676 0.001116513 0.001364944
19/03/22 00:53:20 0.0 0.0 0.0 0.005941193 0.011188818 0.01547012 0.0 0.002872678
19/03/22 00:53:30 0.0 0.0 0.0 0.005438027 0.001050468 0.007670653 0.0 0.005086189
19/03/22 00:53:40 0.018470531 0.036734884 0.023681654 0.001519138 0.005498634 0.01288067 0.002098166 0.001195923
19/03/22 00:53:50 0.0 0.0 0.0 0.001729595 0.001560707 0.013140152 0.0 0.002647007
19/03/22 00:54:00 0.0 0.0 0.0 0.003423123 0.004999051 0.012188419 0.0 0.001369968
19/03/22 00:54:10 0.009302506 0.040096644 0.026578895 0.001290938 0.007640913 0.020217724 0.001056944 0.003159936
19/03/22 00:54:20 0.0 0.0 0.0 0.009715894 0.001604823 0.015326622 0.0 0.001974178
19/03/22 00:54:30 0.012996689 0.038952324 0.024895606 0.008489396 0.002138917 0.035787818 0.000949081 0.002071569
19/03/22 00:54:40 0.0 0.0 0.0 0.008361389 0.008804973 0.009328951 0.0 0.009457872
19/03/22 00:54:50 0.0 0.0 0.0 0.010477756 0.008245887 0.009557256 0.0 0.007268178
19/03/22 00:55:00 0.009273043 0.070800647 0.050080221 0.001223291 0.002596538 0.015358559 0.001318713 0.00093916
19/03/22 00:55:10 0.0 0.0 0.0 0.007099876 0.002337366 0.022380049 0.0 0.006697382
19/03/22 00:55:20 0.0 0.0 0.0 0.001993034 0.001519259 0.013280965 0.0 0.001757571
19/03/22 00:55:30 0.00992431 0.024141214 0.022062445 0.003193366 0.001185548 0.018924974 0.004463024 0.001062035
19/03/22 00:55:40 0.0 0.0 0.0 0.004971226 0.001289357 0.020674113 0.0 0.003575216
19/03/22 00:55:50 0.0 0.0 0.0 0.006933958 0.001823658 0.014246101 0.0 0.00605895
19/03/22 00:56:00 0.009551949 0.104023994 0.023898892 0.010183688 0.004472141 0.048508235 0.001268733 0.00346065
19/03/22 00:56:10 0.0 0.0 0.0 0.0029085 0.006303074 0.033473792 0.0 0.001640217
19/03/22 00:56:20 0.0 0.0 0.0 0.011616174 0.003064651 0.011251348 0.0 0.009426142
19/03/22 00:56:30 0.017314526 0.025048733 0.025013551 0.017877316 0.001674964 0.018451746 0.005844902 0.00446011
19/03/22 00:56:40 0.0 0.0 0.0 0.006721567 0.011125443 0.036703275 0.0 0.003387683
19/03/22 00:56:50 0.0 0.0 0.0 0.00413827 0.015049079 0.027245539 0.0 0.004567722
19/03/22 00:57:00 0.008767287 0.069428833 0.024716891 0.007964771 0.002339179 0.025888327 0.001003711 0.014230187
19/03/22 00:57:10 0.0 0.0 0.0 0.003037251 0.00479837 0.064043849 0.0 0.003059933
19/03/22 00:57:20 0.0 0.0 0.0 0.011842601 0.001319484 0.02071477 0.0 0.009056051
19/03/22 00:57:30 0.008975698 0.049205113 0.050946384 0.002352109 0.0009928 0.016547561 0.001072327 0.005332657
19/03/22 00:57:40 0.0 0.0 0.0 0.019354025 0.015685047 0.033144053 0.0 0.013221259
19/03/22 00:57:50 0.013817568 0.025742493 0.034377959 0.014576071 0.003607013 0.006537414 0.006054643 0.004950978
19/03/22 00:58:00 0.0 0.0 0.0 0.012846509 0.009872123 0.012026738 0.0 0.00616758
19/03/22 00:58:10 0.0 0.0 0.0 0.002243145 0.003765476 0.019525242 0.0 0.006379987
19/03/22 00:58:20 0.008491375 0.038743731 0.030303709 0.00736967 0.008848379 0.016809553 0.00095903 0.005177567
19/03/22 00:58:30 0.0 0.0 0.0 0.005545645 0.003533996 0.039352653 0.0 0.005751065
19/03/22 00:58:40 0.0 0.0 0.0 0.008105699 0.001719284 0.074666627 0.0 0.005414623
19/03/22 00:58:50 0.012280605 0.031108944 0.032966692 0.010195875 0.002007592 0.012818164 0.001245672 0.001085275
19/03/22 00:59:00 0.0 0.0 0.0 0.002958893 0.003113141 0.015261475 0.0 0.013280425
19/03/22 00:59:10 0.0 0.0 0.0 0.005199065 0.003115483 0.009668906 0.0 0.001387661
19/03/22 00:59:20 0.012003062 0.033993869 0.024340293 0.009016492 0.019692617 0.054282102 0.002468865 0.020481772
19/03/22 00:59:30 0.0 0.0 0.0 0.003888292 0.006447689 0.017834355 0.0 0.001637826
19/03/22 00:59:40 0.01075192 0.031496101 0.020539258 0.005777764 0.006054562 0.065769259 0.001031444 0.005935834
19/03/22 00:59:50 0.0 0.0 0.0 0.010858348 0.002080148 0.04257584 0.0 0.001665095
19/03/22 01:00:00 0.0 0.0 0.0 0.015926434 0.004066524 0.014700273 0.0 0.003620775
19/03/22 01:00:10 0.012831457 0.034942284 0.027185244 0.012255897 0.00597905 0.036220638 0.001005724 0.00208043
19/03/22 01:00:20 0.0 0.0 0.0 0.024593183 0.002385341 0.033296554 0.0 0.010230457
19/03/22 01:00:30 0.0 0.0 0.0 0.005346268 0.00167357 0.012313724 0.0 0.010279271
19/03/22 01:00:40 0.008203542 0.028496721 0.032797668 0.009523121 0.005588729 0.029570737 0.000783758 0.006709038
19/03/22 01:00:50 0.0 0.0 0.0 0.006375568 0.005905997 0.037778702 0.0 0.009541027
19/03/22 01:01:00 0.0 0.0 0.0 0.009123761 0.004939496 0.021381331 0.0 0.003950372
19/03/22 01:01:10 0.025578064 0.036713584 0.032628969 0.019830606 0.004377987 0.024608579 0.002936714 0.010941232
19/03/22 01:01:20 0.0 0.0 0.0 0.012674651 0.005896166 0.035385446 0.0 0.001328502
19/03/22 01:01:30 0.0 0.0 0.0 0.011726842 0.026183113 0.075525705 0.0 0.015743928
19/03/22 01:01:40 0.008425191 0.028203791 0.026541051 0.015148412 0.005258755 0.051641109 0.001059026 0.002086107
19/03/22 01:01:50 0.0 0.0 0.0 0.007018079 0.013150676 0.03944227 0.0 0.004239257
19/03/22 01:02:00 0.0 0.0 0.0 0.016963247 0.01439033 0.079201734 0.0 0.005794138
19/03/22 01:02:10 0.008489444 0.024689246 0.022781309 0.026618454 0.021731374 0.05365499 0.00115733 0.009821701
19/03/22 01:02:20 0.0 0.0 0.0 0.00876273 0.004941218 0.017915016 0.0 0.001110414
19/03/22 01:02:30 0.0 0.0 0.0 0.007672817 0.00617008 0.01039115 0.0 0.007333712
19/03/22 01:02:40 0.012567908 0.026511172 0.046534483 0.012798993 0.005981591 0.054889956 0.000971244 0.00293821
19/03/22 01:02:50 0.0 0.0 0.0 0.012511318 0.005885789 0.046110313 0.0 0.008955821
19/03/22 01:03:00 0.0 0.0 0.0 0.008656621 0.021333618 0.03902732 0.0 0.001174995
19/03/22 01:03:10 0.019768297 0.021741443 0.025295785 0.0227937 0.011724695 0.011185039 0.006116113 0.01762386
19/03/22 01:03:20 0.0 0.0 0.0 0.002295768 0.013663903 0.029625436 0.0 0.007258516
19/03/22 01:03:30 0.0 0.0 0.0 0.013406452 0.020690532 0.037933976 0.0 0.009733467
19/03/22 01:03:40 0.011080247 0.033188385 0.020942039 0.004854249 0.00395201 0.027632443 0.001116328 0.001264737
19/03/22 01:03:50 0.0 0.0 0.0 0.001788568 0.051206517 0.092100744 0.0 0.002193693
19/03/22 01:04:00 0.009727669 0.029802537 0.02608082 0.003866006 0.022033729 0.023852052 0.001325137 0.003403103
19/03/22 01:04:10 0.0 0.0 0.0 0.014771508 0.007558432 0.033834094 0.0 0.010262267
19/03/22 01:04:20 0.0 0.0 0.0 0.014453837 0.012230287 0.016671985 0.0 0.021603382
19/03/22 01:04:30 0.009905869 0.0410752 0.024970625 0.028953946 0.008339943 0.032775199 0.001584844 0.007862109
19/03/22 01:04:40 0.0 0.0 0.0 0.029174774 0.014906597 0.034835842 0.0 0.001388268
19/03/22 01:04:50 0.0 0.0 0.0 0.011561429 0.008282023 0.028046167 0.0 0.005132705
19/03/22 01:05:00 0.013141389 0.070769369 0.024566195 0.031456863 0.006145954 0.044745307 0.001106856 0.016235226
19/03/22 01:05:10 0.0 0.0 0.0 0.005874913 0.003756786 0.032989008 0.0 0.014615006
19/03/22 01:05:20 0.0 0.0 0.0 0.003780354 0.00290201 0.039044791 0.0 0.001411577
19/03/22 01:05:30 0.017096325 0.021587728 0.054802083 0.026173087 0.010370582 0.025873322 0.001067924 0.002860896
19/03/22 01:05:40 0.0 0.0 0.0 0.01462926 0.015272828 0.007458874 0.0 0.007895453
19/03/22 01:05:50 0.0 0.0 0.0 0.011103761 0.005850475 0.047952086 0.0 0.002569095
19/03/22 01:06:00 0.014514655 0.027716069 0.024887046 0.012318524 0.005341667 0.026466529 0.003285695 0.017595251
19/03/22 01:06:10 0.0 0.0 0.0 0.017875213 0.010596926 0.045642891 0.0 0.034364181
19/03/22 01:06:20 0.0 0.0 0.0 0.014963164 0.006538132 0.03997814 0.0 0.020904577
19/03/22 01:06:30 0.012020934 0.229439256 0.0264056 0.01346813 0.00414736 0.042835109 0.001156018 0.00952484
19/03/22 01:06:40 0.0 0.0 0.0 0.015745377 0.008342688 0.09024531 0.0 0.007346808
19/03/22 01:06:50 0.0 0.0 0.0 0.03109761 0.002389696 0.044000507 0.0 0.001221811
19/03/22 01:07:00 0.009138788 0.022986311 0.025873323 0.001418716 0.007645531 0.065516878 0.00119103 0.013230295
19/03/22 01:07:10 0.0 0.0 0.0 0.006641417 0.003641514 0.01516047 0.0 0.020999847
19/03/22 01:07:20 0.0 0.0 0.0 0.009230877 0.013997172 0.046379029 0.0 0.01131097
19/03/22 01:07:30 0.013008046 0.031350798 0.02456981 0.005054575 0.00358779 0.006181322 0.001088367 0.020169874
19/03/22 01:07:40 0.0 0.0 0.0 0.012234425 0.002814364 0.039108584 0.0 0.00329777
19/03/22 01:07:50 0.0 0.0 0.0 0.018700874 0.038017042 0.048122923 0.0 0.012198403
19/03/22 01:08:00 0.010724739 0.032522072 0.02526741 0.011403655 0.02496031 0.043606424 0.001113533 0.018444232
19/03/22 01:08:10 0.0 0.0 0.0 0.035237679 0.004687864 0.058028011 0.0 0.012915307
19/03/22 01:08:20 0.0 0.0 0.0 0.021028518 0.016727028 0.068864037 0.0 0.004263304
19/03/22 01:08:30 0.0 0.0 0.0 0.012187102 0.015520112 0.033246668 0.0 0.008623559
19/03/22 01:08:40 0.0 0.0 0.0 0.020418498 0.001512595 0.042280075 0.0 0.002123194
19/03/22 01:08:50 0.0 0.0 0.0 0.008745053 0.00670223 0.033478589 0.0 0.011553015
19/03/22 01:09:00 0.0 0.0 0.0 0.006965344 0.015007207 0.039202449 0.0 0.013906889
19/03/22 01:09:10 0.0 0.0 0.0 0.012762571 0.002390839 0.047775907 0.0 0.013465106
19/03/22 01:09:20 0.0 0.0 0.0 0.004342924 0.004783736 0.035360718 0.0 0.014928973
19/03/22 01:09:30 0.0 0.0 0.0 0.00104131 0.01000422 0.042364834 0.0 0.008073605
19/03/22 01:09:40 0.0 0.0 0.0 0.014681472 0.020313989 0.05557993 0.0 0.012777387
19/03/22 01:09:50 0.0 0.0 0.0 0.005342784 0.011732007 0.006339412 0.0 0.007538091
19/03/22 01:10:00 0.0 0.0 0.0 0.004198167 0.009712056 0.021653883 0.0 0.002767456
19/03/22 01:10:10 0.0 0.0 0.0 0.006773755 0.004126583 0.045303732 0.0 0.002450038
19/03/22 01:10:20 0.0 0.0 0.0 0.028460394 0.026938695 0.029065231 0.0 0.02004906
19/03/22 01:10:30 0.0 0.0 0.0 0.007281597 0.012510886 0.094284154 0.0 0.018783975
19/03/22 01:10:40 0.0 0.0 0.0 0.00592557 0.02455812 0.082716697 0.0 0.016711123
19/03/22 01:10:50 0.0 0.0 0.0 0.021041566 0.00614435 0.028284439 0.0 0.01747786
19/03/22 01:11:00 0.0 0.0 0.0 0.019362328 0.00642663 0.069281042 0.0 0.001066631
19/03/22 01:11:10 0.0 0.0 0.0 0.006326464 0.002757787 0.02248099 0.0 0.009870023
19/03/22 01:11:20 0.0 0.0 0.0 0.017540149 0.001530689 0.066816096 0.0 0.029745886
19/03/22 01:11:30 0.0 0.0 0.0 0.005493079 0.029355523 0.09839689 0.0 0.016162392
19/03/22 01:11:40 0.0 0.0 0.0 0.006443428 0.019959718 0.044034042 0.0 0.006965657
19/03/22 01:11:50 0.0 0.0 0.0 0.006925322 0.011925118 0.048073834 0.0 0.00349844
19/03/22 01:12:00 0.0 0.0 0.0 0.001698045 0.004567418 0.076211991 0.0 0.01173191
19/03/22 01:12:10 0.0 0.0 0.0 0.006874277 0.00822563 0.040492789 0.0 0.005739663
19/03/22 01:12:20 0.0 0.0 0.0 0.007919347 0.001068836 0.02162489 0.0 0.001560464
19/03/22 01:12:30 0.0 0.0 0.0 0.001918566 0.000885684 0.010251225 0.0 0.0
19/03/22 01:12:40 0.0 0.0 0.0 0.0 0.0 0.0 0.0 0.0
19/03/22 01:12:50 0.0 0.0 0.0 0.0 0.0 0.0 0.0 0.0
19/03/22 01:13:00 0.0 0.0 0.0 0.0 0.0 0.0 0.0 0.0
19/03/22 01:13:10 0.0 0.0 0.0 0.0 0.0 0.0 0.0 0.0
19/03/22 01:13:20 0.0 0.0 0.0 0.0 0.0 0.0 0.0 0.0
19/03/22 01:13:30 0.0 0.0 0.0 0.0 0.0 0.0 0.0 0.0
19/03/22 01:13:40 0.0 0.0 0.0 0.0 0.0 0.0 0.0 0.0
19/03/22 01:13:50 0.0 0.0 0.0 0.0 0.0 0.0 0.0 0.0
19/03/22 01:14:00 0.0 0.0 0.0 0.0 0.0 0.0 0.0 0.0
19/03/22 01:14:10 0.0 0.0 0.0 0.0 0.0 0.0 0.0 0.0
19/03/22 01:14:20 0.0 0.0 0.0 0.0 0.0 0.0 0.0 0.0
19/03/22 01:14:30 0.0 0.0 0.0 0.0 0.0 0.0 0.0 0.0
19/03/22 01:14:40 0.0 0.0 0.0 0.0 0.0 0.0 0.0 0.0
19/03/22 01:14:50 0.0 0.0 0.0 0.0 0.0 0.0 0.0 0.0
19/03/22 01:15:00 0.0 0.0 0.0 0.0 0.0 0.0 0.0 0.0
19/03/22 01:15:10 0.0 0.0 0.0 0.0 0.0 0.0 0.0 0.0
19/03/22 01:15:20 0.0 0.0 0.0 0.0 0.0 0.0 0.0 0.0
19/03/22 01:15:30 0.0 0.0 0.0 0.0 0.0 0.0 0.0 0.0
19/03/22 01:15:40 0.0 0.0 0.0 0.0 0.0 0.0 0.0 0.0
19/03/22 01:15:50 0.0 0.0 0.0 0.0 0.0 0.0 0.0 0.0
19/03/22 01:16:00 0.0 0.0 0.0 0.0 0.0 0.0 0.0 0.0
19/03/22 01:16:10 0.0 0.0 0.0 0.0 0.0 0.0 0.0 0.0
19/03/22 01:16:20 0.0 0.0 0.0 0.0 0.0 0.0 0.0 0.0
19/03/22 01:16:30 0.0 0.0 0.0 0.0 0.0 0.0 0.0 0.0
19/03/22 01:16:40 0.0 0.0 0.0 0.0 0.0 0.0 0.0 0.0
19/03/22 01:16:50 0.0 0.0 0.0 0.0 0.0 0.0 0.0 0.0
19/03/22 01:17:00 0.007697566 0.02303108 0.026641321 0.002661011 0.012300907 0.023710295 0.001010979 0.001772622
19/03/22 01:17:10 0.013902724 0.018945008 0.025021822 0.020134237 0.011816618 0.041869797 0.001104088 0.01143542
19/03/22 01:17:20 0.0 0.0 0.0 0.040770336 0.018082118 0.059041247 0.0 0.002914772
19/03/22 01:17:30 0.0 0.0 0.0 0.014753076 0.019687243 0.085538647 0.0 0.018091214
19/03/22 01:17:40 0.0 0.0 0.0 0.011754435 0.024018479 0.057409448 0.0 0.005812481
19/03/22 01:17:50 0.0 0.0 0.0 0.023657031 0.005237705 0.053829525 0.0 0.017097668
19/03/22 01:18:00 0.0 0.0 0.0 0.011905051 0.012532607 0.076401615 0.0 0.005662029
19/03/22 01:18:10 0.0 0.0 0.0 0.016742975 0.021359053 0.094458584 0.0 0.004466731
19/03/22 01:18:20 0.0 0.0 0.0 0.016045626 0.006537975 0.05817012 0.0 0.014497594
19/03/22 01:18:30 0.0 0.0 0.0 0.010066574 0.012806906 0.032966537 0.0 0.01003929
19/03/22 01:18:40 0.0 0.0 0.0 0.012677931 0.028497954 0.05541508 0.0 0.016207619
19/03/22 01:18:50 0.0 0.0 0.0 0.011553221 0.014671391 0.050625505 0.0 0.008633503
19/03/22 01:19:00 0.0 0.0 0.0 0.002327704 0.015669738 0.009776382 0.0 0.006026845
19/03/22 01:19:10 0.0 0.0 0.0 0.001194725 0.016539505 0.074713025 0.0 0.005801013
19/03/22 01:19:20 0.0 0.0 0.0 0.004552519 0.010497576 0.054214392 0.0 0.009398393
19/03/22 01:19:30 0.0 0.0 0.0 0.018307443 0.010480659 0.062788944 0.0 0.009344191
19/03/22 01:19:40 0.0 0.0 0.0 0.004908498 0.01176338 0.054580546 0.0 0.01199978
19/03/22 01:19:50 0.0 0.0 0.0 0.030467282 0.041950734 0.084416419 0.0 0.017080948
19/03/22 01:20:00 0.0 0.0 0.0 0.019563546 0.005109271 0.055804579 0.0 0.005123727
19/03/22 01:20:10 0.0 0.0 0.0 0.020594025 0.007286151 0.049050963 0.0 0.014091744
19/03/22 01:20:20 0.0 0.0 0.0 0.021007841 0.029879432 0.099149687 0.0 0.028841021
19/03/22 01:20:30 0.0 0.0 0.0 0.010807278 0.001854318 0.078991657 0.0 0.020355394
19/03/22 01:20:40 0.0 0.0 0.0 0.005578148 0.006028055 0.065527527 0.0 0.008366964
19/03/22 01:20:50 0.0 0.0 0.0 0.040235306 0.004498762 0.03385279 0.0 0.004324719
19/03/22 01:21:00 0.0 0.0 0.0 0.030811598 0.008146136 0.104766143 0.0 0.016026765
19/03/22 01:21:10 0.0 0.0 0.0 0.011384194 0.003504701 0.073659566 0.0 0.01579538
19/03/22 01:21:20 0.0 0.0 0.0 0.006585057 0.014664539 0.084040875 0.0 0.010434838
19/03/22 01:21:30 0.0 0.0 0.0 0.007813296 0.017741108 0.044431492 0.0 0.01641682
19/03/22 01:21:40 0.0 0.0 0.0 0.016004423 0.007655669 0.070046517 0.0 0.004805359
19/03/22 01:21:50 0.0 0.0 0.0 0.011673262 0.004343733 0.041441549 0.0 0.001493463
19/03/22 01:22:00 0.0 0.0 0.0 0.013857797 0.037071144 0.085083276 0.0 0.005990091
19/03/22 01:22:10 0.0 0.0 0.0 0.019319738 0.003087404 0.075923105 0.0 0.011544202
19/03/22 01:22:20 0.0 0.0 0.0 0.012251377 0.010566887 0.064821138 0.0 0.012769305
19/03/22 01:22:30 0.0 0.0 0.0 0.029978161 0.027599191 0.105922846 0.0 0.006588758
19/03/22 01:22:40 0.0 0.0 0.0 0.017239349 0.033360874 0.05641581 0.0 0.008930517
19/03/22 01:22:50 0.0 0.0 0.0 0.007961609 0.029811979 0.049406579 0.0 0.003633996
19/03/22 01:23:00 0.0 0.0 0.0 0.016595603 0.002932958 0.071190697 0.0 0.001429528
19/03/22 01:23:10 0.0 0.0 0.0 0.025522621 0.006798377 0.050902745 0.0 0.002038511
19/03/22 01:23:20 0.0 0.0 0.0 0.010750221 0.024066953 0.118456351 0.0 0.006950388
19/03/22 01:23:30 0.0 0.0 0.0 0.020984002 0.013317817 0.122522719 0.0 0.022016419
19/03/22 01:23:40 0.0 0.0 0.0 0.053125573 0.012625618 0.048707865 0.0 0.031973005
19/03/22 01:23:50 0.0 0.0 0.0 0.001153026 0.004377274 0.078377244 0.0 0.002273692
19/03/22 01:24:00 0.0 0.0 0.0 0.00691473 0.004783387 0.063711612 0.0 0.003760804
19/03/22 01:24:10 0.0 0.0 0.0 0.011278264 0.008836157 0.050072941 0.0 0.016957791
19/03/22 01:24:20 0.0 0.0 0.0 0.002208325 0.003202168 0.034705246 0.0 0.009842187
19/03/22 01:24:30 0.0 0.0 0.0 0.026907189 0.018837765 0.026782855 0.0 0.014716518
19/03/22 01:24:40 0.0 0.0 0.0 0.008347641 0.014691542 0.068245974 0.0 0.00727335
19/03/22 01:24:50 0.0 0.0 0.0 0.006625416 0.004118341 0.103731758 0.0 0.003457317
19/03/22 01:25:00 0.0 0.0 0.0 0.004726793 0.013654801 0.127179138 0.0 0.012587642
19/03/22 01:25:10 0.0 0.0 0.0 0.022765919 0.005668292 0.049577981 0.0 0.017907978
19/03/22 01:25:20 0.0 0.0 0.0 0.011224046 0.015586267 0.115884703 0.0 0.003654969
19/03/22 01:25:30 0.0 0.0 0.0 0.010850233 0.015121161 0.0362113 0.0 0.001751414
19/03/22 01:25:40 0.0 0.0 0.0 0.011462254 0.008796393 0.050747549 0.0 0.005008607
19/03/22 01:25:50 0.0 0.0 0.0 0.022293152 0.050707266 0.028831274 0.0 0.016098416
19/03/22 01:26:00 0.0 0.0 0.0 0.000962466 0.0126681 0.022086095 0.0 0.007013339
19/03/22 01:26:10 0.0 0.0 0.0 0.013966706 0.016043365 0.138544201 0.0 0.006394394
19/03/22 01:26:20 0.0 0.0 0.0 0.016841751 0.008969477 0.087166939 0.0 0.001652372
19/03/22 01:26:30 0.0 0.0 0.0 0.001038845 0.004022502 0.099615946 0.0 0.003090595
19/03/22 01:26:40 0.0 0.0 0.0 0.014219822 0.027272843 0.052426088 0.0 0.002172801
19/03/22 01:26:50 0.0 0.0 0.0 0.017532267 0.001764675 0.073484752 0.0 0.014703853
19/03/22 01:27:00 0.0 0.0 0.0 0.023481112 0.004210901 0.04047241 0.0 0.020755408
19/03/22 01:27:10 0.0 0.0 0.0 0.023852489 0.010926612 0.077658267 0.0 0.003189553
19/03/22 01:27:20 0.0 0.0 0.0 0.007554668 0.007050589 0.123923165 0.0 0.017150661
19/03/22 01:27:30 0.0 0.0 0.0 0.031173273 0.02413306 0.040609386 0.0 0.012903205
19/03/22 01:27:40 0.0 0.0 0.0 0.008820176 0.00458394 0.045694733 0.0 0.012012758
19/03/22 01:27:50 0.0 0.0 0.0 0.016955737 0.004266385 0.036400706 0.0 0.004754105
19/03/22 01:28:00 0.0 0.0 0.0 0.010868664 0.01252441 0.085924174 0.0 0.008323176
19/03/22 01:28:10 0.0 0.0 0.0 0.01606842 0.013778392 0.03042554 0.0 0.014619984
19/03/22 01:28:20 0.0 0.0 0.0 0.013381034 0.005266894 0.057249162 0.0 0.001307423
19/03/22 01:28:30 0.0 0.0 0.0 0.005209445 0.008331362 0.050975781 0.0 0.007393462
19/03/22 01:28:40 0.0 0.0 0.0 0.019165864 0.011315614 0.034665048 0.0 0.014840737
19/03/22 01:28:50 0.0 0.0 0.0 0.021976189 0.004488158 0.132383849 0.0 0.009026444
19/03/22 01:29:00 0.0 0.0 0.0 0.0078467 0.004484948 0.11117161 0.0 0.015481273
19/03/22 01:29:10 0.0 0.0 0.0 0.011761813 0.007096257 0.01883283 0.0 0.005615148
19/03/22 01:29:20 0.0 0.0 0.0 0.009735364 0.015386581 0.024405073 0.0 0.008050823
19/03/22 01:29:30 0.0 0.0 0.0 0.003483769 0.015002948 0.035776453 0.0 0.024452471
19/03/22 01:29:40 0.0 0.0 0.0 0.005665278 0.001503411 0.056008992 0.0 0.003123588
19/03/22 01:29:50 0.0 0.0 0.0 0.008862264 0.023007281 0.067975908 0.0 0.010939324
19/03/22 01:30:00 0.0 0.0 0.0 0.020039025 0.030963648 0.11674293 0.0 0.00209124
19/03/22 01:30:10 0.0 0.0 0.0 0.014287424 0.023363225 0.113190204 0.0 0.015539444
19/03/22 01:30:20 0.0 0.0 0.0 0.006891719 0.007066194 0.05814372 0.0 0.003746217
19/03/22 01:30:30 0.0 0.0 0.0 0.056570213 0.024663073 0.082862951 0.0 0.028866866
19/03/22 01:30:40 0.0 0.0 0.0 0.009373866 0.019726698 0.04998232 0.0 0.007450276
19/03/22 01:30:50 0.0 0.0 0.0 0.031622639 0.0132034 0.066128882 0.0 0.005777474
19/03/22 01:31:00 0.0 0.0 0.0 0.010566804 0.00601828 0.046201663 0.0 0.025017885
19/03/22 01:31:10 0.0 0.0 0.0 0.006066442 0.004062214 0.046676569 0.0 0.012280673
19/03/22 01:31:20 0.0 0.0 0.0 0.005062009 0.007585832 0.086982288 0.0 0.010361066
19/03/22 01:31:30 0.0 0.0 0.0 0.017629163 0.011712557 0.048867056 0.0 0.00579535
19/03/22 01:31:40 0.0 0.0 0.0 0.004581887 0.024664646 0.080018427 0.0 0.013536656
19/03/22 01:31:50 0.0 0.0 0.0 0.005953605 0.019594301 0.053304222 0.0 0.006199072
19/03/22 01:32:00 0.0 0.0 0.0 0.011929406 0.008493748 0.052027469 0.0 0.013209075
19/03/22 01:32:10 0.0 0.0 0.0 0.004076781 0.010848902 0.111048416 0.0 0.032127993
19/03/22 01:32:20 0.0 0.0 0.0 0.019502481 0.020377486 0.059180253 0.0 0.008362415
19/03/22 01:32:30 0.0 0.0 0.0 0.024282689 0.019003502 0.094759668 0.0 0.009274712
19/03/22 01:32:40 0.0 0.0 0.0 0.045355438 0.006483963 0.035229153 0.0 0.00934816
19/03/22 01:32:50 0.0 0.0 0.0 0.006405776 0.008081642 0.081963169 0.0 0.003430608
19/03/22 01:33:00 0.0 0.0 0.0 0.02096491 0.015791619 0.118189205 0.0 0.011815076
19/03/22 01:33:10 0.0 0.0 0.0 0.011630764 0.00910162 0.036401902 0.0 0.036961698
19/03/22 01:33:20 0.0 0.0 0.0 0.011388208 0.013284981 0.039130714 0.0 0.020225313
19/03/22 01:33:30 0.0 0.0 0.0 0.006880596 0.027748407 0.044478401 0.0 0.006812316
19/03/22 01:33:40 0.0 0.0 0.0 0.011787707 0.029436621 0.039686047 0.0 0.001392541
19/03/22 01:33:50 0.0 0.0 0.0 0.007619061 0.031544329 0.096717648 0.0 0.006158939
19/03/22 01:34:00 0.0 0.0 0.0 0.016639526 0.001981568 0.060090571 0.0 0.029866773
19/03/22 01:34:10 0.0 0.0 0.0 0.003420373 0.005124171 0.008176064 0.0 0.002848255
19/03/22 01:34:20 0.0 0.0 0.0 0.008246218 0.025107673 0.051625805 0.0 0.023373193
19/03/22 01:34:30 0.0 0.0 0.0 0.00999677 0.017897064 0.084029725 0.0 0.010497806
19/03/22 01:34:40 0.0 0.0 0.0 0.002399042 0.013436722 0.05062648 0.0 0.013482663
19/03/22 01:34:50 0.0 0.0 0.0 0.025805818 0.028174694 0.055063481 0.0 0.007592985
19/03/22 01:35:00 0.0 0.0 0.0 0.006727237 0.024789829 0.043683384 0.0 0.043279142
19/03/22 01:35:10 0.0 0.0 0.0 0.003964764 0.00650019 0.027314564 0.0 0.004174401
19/03/22 01:35:20 0.0 0.0 0.0 0.001801515 0.027380882 0.040116371 0.0 0.001942308
19/03/22 01:35:30 0.0 0.0 0.0 0.006885175 0.053449889 0.105193542 0.0 0.010132985
19/03/22 01:35:40 0.0 0.0 0.0 0.019920378 0.034234596 0.080040277 0.0 0.010924926
19/03/22 01:35:50 0.0 0.0 0.0 0.029360339 0.012172141 0.103673848 0.0 0.005526512
19/03/22 01:36:00 0.0 0.0 0.0 0.045025144 0.08461709 0.018664594 0.0 0.008928054
19/03/22 01:36:10 0.0 0.0 0.0 0.005870543 0.006113398 0.041905777 0.0 0.003533328
19/03/22 01:36:20 0.0 0.0 0.0 0.014246586 0.02239188 0.084469324 0.0 0.015242747
19/03/22 01:36:30 0.0 0.0 0.0 0.035209875 0.019210483 0.033182889 0.0 0.018967429
19/03/22 01:36:40 0.0 0.0 0.0 0.012954671 0.002507361 0.059801111 0.0 0.017901324
19/03/22 01:36:50 0.0 0.0 0.0 0.01270196 0.0174022 0.081198639 0.0 0.017940878
19/03/22 01:37:00 0.0 0.0 0.0 0.043783853 0.032174024 0.020018277 0.0 0.014902625
19/03/22 01:37:10 0.0 0.0 0.0 0.020679446 0.046937494 0.065036975 0.0 0.031248018
19/03/22 01:37:20 0.0 0.0 0.0 0.020301227 0.030486492 0.060463169 0.0 0.008180114
19/03/22 01:37:30 0.0 0.0 0.0 0.018917746 0.009875035 0.037898445 0.0 0.030670019
19/03/22 01:37:40 0.0 0.0 0.0 0.014270928 0.002438721 0.081332598 0.0 0.006737534
19/03/22 01:37:50 0.0 0.0 0.0 0.005513488 0.009995713 0.057684242 0.0 0.019462813
19/03/22 01:38:00 0.0 0.0 0.0 0.021268216 0.06517459 0.063423817 0.0 0.002225992
19/03/22 01:38:10 0.0 0.0 0.0 0.017718577 0.025937683 0.100030558 0.0 0.004619382
19/03/22 01:38:20 0.0 0.0 0.0 0.003106795 0.006271275 0.054536676 0.0 0.016155085
19/03/22 01:38:30 0.0 0.0 0.0 0.019645837 0.007566884 0.076038243 0.0 0.006351089
19/03/22 01:38:40 0.0 0.0 0.0 0.008614139 0.01134716 0.042851201 0.0 0.016807547
19/03/22 01:38:50 0.0 0.0 0.0 0.014346988 0.006587005 0.072770244 0.0 0.028417834
19/03/22 01:39:00 0.0 0.0 0.0 0.02065893 0.021166672 0.06017848 0.0 0.001379108
19/03/22 01:39:10 0.0 0.0 0.0 0.016752969 0.010909046 0.109340726 0.0 0.004731741
19/03/22 01:39:20 0.0 0.0 0.0 0.004127076 0.01644012 0.03101727 0.0 0.005444168
19/03/22 01:39:30 0.0 0.0 0.0 0.015741328 0.021454332 0.05069471 0.0 0.014242967
19/03/22 01:39:40 0.0 0.0 0.0 0.013641741 0.021171551 0.093867321 0.0 0.003088935
19/03/22 01:39:50 0.0 0.0 0.0 0.011432657 0.004964573 0.042289184 0.0 0.002178087
19/03/22 01:40:00 0.0 0.0 0.0 0.026863521 0.05359324 0.045795708 0.0 0.033549895
19/03/22 01:40:10 0.0 0.0 0.0 0.010698083 0.009174133 0.081177127 0.0 0.003865577
19/03/22 01:40:20 0.0 0.0 0.0 0.0291213 0.013870913 0.131717573 0.0 0.00267095
19/03/22 01:40:30 0.0 0.0 0.0 0.002068337 0.014146552 0.055622618 0.0 0.006428466
19/03/22 01:40:40 0.0 0.0 0.0 0.030902232 0.01478341 0.030429434 0.0 0.007382673
19/03/22 01:40:50 0.0 0.0 0.0 0.050375842 0.006027377 0.06219381 0.0 0.012923013
19/03/22 01:41:00 0.0 0.0 0.0 0.019011276 0.02810323 0.027776263 0.0 0.00386848
19/03/22 01:41:10 0.0 0.0 0.0 0.013292999 0.038792343 0.047219482 0.0 0.008019137
19/03/22 01:41:20 0.0 0.0 0.0 0.072136964 0.00704799 0.048559864 0.0 0.014436095
19/03/22 01:41:30 0.0 0.0 0.0 0.019502594 0.019456712 0.059584347 0.0 0.031089142
19/03/22 01:41:40 0.0 0.0 0.0 0.015933285 0.006596057 0.007285301 0.0 0.005744952
19/03/22 01:41:50 0.0 0.0 0.0 0.043355874 0.00448821 0.022941209 0.0 0.001024239
19/03/22 01:42:00 0.0 0.0 0.0 0.009870848 0.027293761 0.144389212 0.0 0.015439152
19/03/22 01:42:10 0.0 0.0 0.0 0.016176868 0.003554184 0.086678439 0.0 0.005246705
19/03/22 01:42:20 0.0 0.0 0.0 0.009950285 0.017816384 0.032465412 0.0 0.029386885
19/03/22 01:42:30 0.0 0.0 0.0 0.022468693 0.017401549 0.093094821 0.0 0.014111727
19/03/22 01:42:40 0.0 0.0 0.0 0.005045768 0.003632875 0.078054844 0.0 0.032105071
19/03/22 01:42:50 0.0 0.0 0.0 0.027882909 0.013828362 0.024226315 0.0 0.03711299
19/03/22 01:43:00 0.0 0.0 0.0 0.007151725 0.018759669 0.058389819 0.0 0.007472467
19/03/22 01:43:10 0.0 0.0 0.0 0.015695599 0.038095283 0.082601982 0.0 0.019185988
19/03/22 01:43:20 0.0 0.0 0.0 0.04345964 0.001330203 0.008868981 0.0 0.001905431
19/03/22 01:43:30 0.0 0.0 0.0 0.000933058 0.006450082 0.109146099 0.0 0.007663896
19/03/22 01:43:40 0.0 0.0 0.0 0.01822869 0.004139882 0.069364213 0.0 0.004886933
19/03/22 01:43:50 0.0 0.0 0.0 0.021665502 0.0093257 0.126136569 0.0 0.008740985
19/03/22 01:44:00 0.0 0.0 0.0 0.001411184 0.000953352 0.010531773 0.0 0.00106813
19/03/22 01:44:10 0.0 0.0 0.0 0.0 0.0 0.0 0.0 0.0
19/03/22 01:44:20 0.0 0.0 0.0 0.0 0.0 0.0 0.0 0.0
19/03/22 01:44:30 0.0 0.0 0.0 0.0 0.0 0.0 0.0 0.0
19/03/22 01:44:40 0.0 0.0 0.0 0.0 0.0 0.0 0.0 0.0
19/03/22 01:44:50 0.0 0.0 0.0 0.0 0.0 0.0 0.0 0.0
19/03/22 01:45:00 0.0 0.0 0.0 0.0 0.0 0.0 0.0 0.0
19/03/22 01:45:10 0.010672016 0.042356638 0.025319303 0.001119427 0.001040535 0.008126848 0.00114027 0.001349008
19/03/22 01:45:20 0.0 0.0 0.0 0.001080616 0.001056817 0.008076863 0.0 0.001149305
19/03/22 01:45:30 0.009857443 0.051736901 0.026606874 0.001101876 0.001005242 0.007775224 0.001096954 0.001454955
19/03/22 01:45:40 0.0 0.0 0.0 0.001055361 0.001058375 0.009780976 0.0 0.001004697
19/03/22 01:45:50 0.0 0.0 0.0 0.001218991 0.001166508 0.013272608 0.0 0.001116486
19/03/22 01:46:00 0.00882594 0.06380712 0.048239597 0.001227108 0.001120157 0.008268596 0.000946854 0.002063852
19/03/22 01:46:10 0.0 0.0 0.0 0.001328694 0.001301871 0.007971997 0.0 0.0010648
19/03/22 01:46:20 0.0 0.0 0.0 0.00095755 0.00111397 0.007733648 0.0 0.000873621
19/03/22 01:46:30 0.206482085 0.053739314 0.02588388 0.001123604 0.001162158 0.010316203 0.001261406 0.001350108
19/03/22 01:46:40 0.0 0.0 0.0 0.001446444 0.001225544 0.008055622 0.0 0.000851018
19/03/22 01:46:50 0.0 0.0 0.0 0.002825591 0.001079129 0.015921887 0.0 0.001078946
19/03/22 01:47:00 0.008985165 0.046391329 0.028673426 0.001273378 0.001484307 0.01037801 0.001120726 0.001219224
19/03/22 01:47:10 0.0 0.0 0.0 0.001115535 0.00129825 0.010937141 0.0 0.001119832
19/03/22 01:47:20 0.0 0.0 0.0 0.002246305 0.001211389 0.012635506 0.0 0.00092374
19/03/22 01:47:30 0.012841619 0.238119289 0.392416672 0.001267931 0.021976016 0.024441469 0.001222439 0.003083954
19/03/22 01:47:40 0.0 0.0 0.0 0.023419112 0.100273401 0.083559308 0.0 0.001392367
19/03/22 01:47:50 0.008609115 0.026081903 0.02464455 0.00159405 0.003670727 0.012576774 0.001206688 0.001430001
19/03/22 01:48:00 0.0 0.0 0.0 0.079297852 0.00147579 0.035596321 0.0 0.009381387
19/03/22 01:48:10 0.0 0.0 0.0 0.110128124 0.076513385 0.158726058 0.0 0.067476357
19/03/22 01:48:20 0.151968554 0.040875895 0.022548672 0.00236725 0.008643819 0.011689991 0.004212542 0.001095182
19/03/22 01:48:30 0.0 0.0 0.0 0.003360098 0.001371411 0.021052585 0.0 0.002165464
19/03/22 01:48:40 0.0 0.0 0.0 0.002430009 0.001360131 0.016084699 0.0 0.001155011
19/03/22 01:48:50 0.137408549 0.022794417 0.033475909 0.080458243 0.004185928 0.149560996 0.001176689 0.101251633
19/03/22 01:49:00 0.0 0.0 0.0 0.006493462 0.002067491 0.033053862 0.0 0.00148888
19/03/22 01:49:10 0.0 0.0 0.0 0.003752328 0.00152102 0.015302139 0.0 0.001384813
19/03/22 01:49:20 0.084014898 0.223218186 0.031926977 0.002332037 0.001203694 0.017269127 0.003314625 0.007255583
19/03/22 01:49:30 0.0 0.0 0.0 0.159906731 0.099162971 0.226255171 0.0 0.161540146
19/03/22 01:49:40 0.255532566 0.025997848 0.020458031 0.003867576 0.006604037 0.019696512 0.00395047 0.011420474
19/03/22 01:49:50 0.0 0.0 0.0 0.010044491 0.082823006 0.03678609 0.0 0.060791928
19/03/22 01:50:00 0.0 0.0 0.0 0.002252944 0.006660522 0.022036567 0.0 0.002143519
19/03/22 01:50:10 0.359511458 0.300659883 0.056197767 0.003145756 0.002043965 0.0320576 0.006713754 0.007307402
19/03/22 01:50:20 0.0 0.0 0.0 0.128458267 0.006238636 0.090482811 0.0 0.001691894
19/03/22 01:50:30 0.0 0.0 0.0 0.009383556 0.004670116 0.016699186 0.0 0.001726714
19/03/22 01:50:40 0.035306307 0.022188902 0.023459971 0.005171853 0.009842339 0.104182213 0.006828237 0.007982174
19/03/22 01:50:50 0.0 0.0 0.0 0.00121792 0.006035356 0.039395664 0.0 0.452893904
19/03/22 01:51:00 0.0 0.0 0.0 0.003908935 0.004385772 0.016306813 0.0 0.001941141
19/03/22 01:51:10 0.44240277 0.021460924 0.016171919 0.006276149 0.008365099 0.015333357 0.006182066 0.001309442
19/03/22 01:51:20 0.0 0.0 0.0 0.238175014 0.258899309 0.082711117 0.0 0.006184619
19/03/22 01:51:30 0.51888659 0.035364961 0.016850884 0.004074848 0.005324959 0.035021424 0.019082335 0.001266603
19/03/22 01:51:40 0.0 0.0 0.0 0.0087769 0.001566256 0.012576408 0.0 0.006963844
19/03/22 01:51:50 0.0 0.0 0.0 0.004184184 0.005830997 0.043269679 0.0 0.005559433
19/03/22 01:52:00 0.021428135 0.021139554 0.017961785 0.199814689 0.161954044 0.143919118 0.005368531 0.005864025
19/03/22 01:52:10 0.0 0.0 0.0 0.001219645 0.012539602 0.012829265 0.0 0.011548735
19/03/22 01:52:20 0.0 0.0 0.0 0.00517943 0.004963413 0.016489939 0.0 0.001268437
19/03/22 01:52:30 0.212997185 0.025488072 0.016666368 0.011208115 0.01252194 0.028461096 0.00435737 0.005263248
19/03/22 01:52:40 0.0 0.0 0.0 0.007794635 0.006606316 0.02567673 0.0 0.002471986
19/03/22 01:52:50 0.0 0.0 0.0 0.003641805 0.005103144 0.01411223 0.0 0.008511219
19/03/22 01:53:00 0.114180969 0.030139002 0.02475329 0.189405501 0.202289337 0.131778632 0.239925904 0.003697953
19/03/22 01:53:10 0.0 0.0 0.0 0.007591878 0.034328671 0.052414808 0.0 0.017449417
19/03/22 01:53:20 0.029991772 0.02901811 0.022581654 0.003397368 0.160908728 0.021101947 0.004080342 0.011724339
19/03/22 01:53:30 0.0 0.0 0.0 0.011224189 0.00287986 0.029139248 0.0 0.004282636
19/03/22 01:53:40 0.0 0.0 0.0 0.014276008 0.333103782 0.17797932 0.0 0.008700927
19/03/22 01:53:50 0.320520284 0.024390873 0.016343956 0.013761626 0.012753364 0.028192482 0.007893357 0.002129035
19/03/22 01:54:00 0.0 0.0 0.0 0.008965381 0.009070166 0.038462635 0.0 0.003044699
19/03/22 01:54:10 0.0 0.0 0.0 0.018477406 0.008026606 0.021042639 0.0 0.017860371
19/03/22 01:54:20 0.725401166 0.073856244 0.04832812 0.13277927 0.212468339 0.270436984 0.0030114 0.020477111
19/03/22 01:54:30 0.0 0.0 0.0 0.356977954 0.431003591 0.176171709 0.0 0.012983306
19/03/22 01:54:40 0.0 0.0 0.0 0.007852001 0.422386362 0.172803259 0.0 0.015614035
19/03/22 01:54:50 0.677927282 0.543680443 0.016330419 0.018807951 0.014473982 0.126193158 0.010144597 0.005863604
19/03/22 01:55:00 0.0 0.0 0.0 0.006497219 0.002525086 0.050423523 0.0 0.005078096
19/03/22 01:55:10 0.0 0.156263575 0.02294388 0.028429824 0.031045189 0.028749831 0.0 0.016449462
19/03/22 01:55:20 0.0 0.0 0.0 0.0 0.0 0.0 0.0 0.0
19/03/22 01:55:30 0.0 0.0 0.0 0.0 0.0 0.0 0.0 0.0
19/03/22 01:55:40 0.012939399 0.030063276 0.020945073 0.011605477 0.003892736 0.024056513 0.003494292 0.009396755
19/03/22 01:55:50 0.012797673 0.03106508 0.023564541 0.006301947 0.004555268 0.010280059 0.001390615 0.009051008
19/03/22 01:56:00 0.0 0.0 0.0 0.005275845 0.012551903 0.025388146 0.0 0.003038298
19/03/22 01:56:10 0.0 0.0 0.0 0.005036216 0.002937913 0.0263251 0.0 0.004181256
19/03/22 01:56:20 0.026362692 0.043595283 0.019383133 0.005492729 0.004917108 0.030733971 0.006190114 0.004648966
19/03/22 01:56:30 0.0 0.0 0.0 0.014162538 0.010469416 0.016835604 0.0 0.013952263
19/03/22 01:56:40 0.0 0.0 0.0 0.004748456 0.002648232 0.031106959 0.0 0.003015218
19/03/22 01:56:50 0.008046355 0.025390835 0.022783037 0.004743629 0.010138726 0.033420518 0.00099477 0.006663234
19/03/22 01:57:00 0.0 0.0 0.0 0.008614364 0.00477251 0.015940828 0.0 0.006363467
19/03/22 01:57:10 0.0 0.0 0.0 0.008977424 0.015145692 0.029336787 0.0 0.005137437
19/03/22 01:57:20 0.012417171 0.029241936 0.032623394 0.003758811 0.003559072 0.04196881 0.001169852 0.001026452
19/03/22 01:57:30 0.0 0.0 0.0 0.020582788 0.010082665 0.019729808 0.0 0.002197626
19/03/22 01:57:40 0.0 0.0 0.0 0.002898094 0.016089759 0.029624379 0.0 0.008624358
19/03/22 01:57:50 0.024950474 0.023652624 0.024923316 0.01882337 0.009737004 0.055547379 0.008993259 0.001783132
19/03/22 01:58:00 0.0 0.0 0.0 0.006819336 0.005637063 0.011955514 0.0 0.005112344
19/03/22 01:58:10 0.0 0.0 0.0 0.021599985 0.008320968 0.033532215 0.0 0.017431482
19/03/22 01:58:20 0.009194688 0.032999633 0.023978403 0.014566465 0.007750004 0.045491432 0.000973462 0.007991001
19/03/22 01:58:30 0.0 0.0 0.0 0.0064341 0.006643877 0.018952024 0.0 0.002363186
19/03/22 01:58:40 0.0 0.0 0.0 0.003078361 0.006397647 0.038080202 0.0 0.008911975
19/03/22 01:58:50 0.008294938 0.027040851 0.02202572 0.010014371 0.006721125 0.024519777 0.001369948 0.004718562
19/03/22 01:59:00 0.0 0.0 0.0 0.006310962 0.003493448 0.04953258 0.0 0.002631217
19/03/22 01:59:10 0.0 0.0 0.0 0.003761253 0.002143964 0.035039308 0.0 0.00333839
19/03/22 01:59:20 0.009324157 0.027761517 0.025544087 0.0328504 0.013068607 0.015880807 0.001620138 0.001567086
19/03/22 01:59:30 0.0 0.0 0.0 0.02491373 0.012375154 0.048265365 0.0 0.010826785
19/03/22 01:59:40 0.0 0.0 0.0 0.001818891 0.001618011 0.010579542 0.0 0.005546851
19/03/22 01:59:50 0.0 0.0 0.0 0.0 0.0 0.0 0.0 0.0
19/03/22 02:00:00 0.0 0.0 0.0 0.0 0.0 0.0 0.0 0.0
19/03/22 02:00:10 0.0 0.0 0.0 0.0 0.0 0.0 0.0 0.0
19/03/22 02:00:20 0.008888675 0.049275584 0.022261137 0.001222383 0.001154143 0.008055017 0.002082013 0.001305517
19/03/22 02:00:30 0.0 0.0 0.0 0.001096491 0.001072677 0.009681586 0.0 0.001040242
19/03/22 02:00:40 0.0 0.0 0.0 0.001067738 0.001216223 0.009121553 0.0 0.001254099
19/03/22 02:00:50 0.00791215 0.026796823 0.024204006 0.000951772 0.000762828 0.006197169 0.001155498 0.000924568
19/03/22 02:01:00 0.0 0.0 0.0 0.001013886 0.00117978 0.020259366 0.0 0.001769467
19/03/22 02:01:10 0.018999492 0.026511619 0.024878436 0.000828281 0.019404287 0.012645649 0.000889669 0.001029548
19/03/22 02:01:20 0.0 0.0 0.0 0.001091055 0.001355674 0.007826514 0.0 0.001307038
19/03/22 02:01:30 0.0 0.0 0.0 0.001213794 0.00117363 0.011850801 0.0 0.00116419
19/03/22 02:01:40 0.00831796 0.031039147 0.025070825 0.000901082 0.001128062 0.01160487 0.000844188 0.00139867
19/03/22 02:01:50 0.0 0.0 0.0 0.001056341 0.000821564 0.010479617 0.0 0.0015646
19/03/22 02:02:00 0.0 0.0 0.0 0.001051473 0.000891665 0.025638987 0.0 0.00107107
19/03/22 02:02:10 0.00824091 0.034954422 0.025299642 0.00118465 0.001673332 0.005529485 0.001140765 0.00197527
19/03/22 02:02:20 0.0 0.0 0.0 0.0 0.0 0.0 0.0 0.0
19/03/22 02:02:30 0.0 0.0 0.0 0.0 0.0 0.0 0.0 0.0
19/03/22 02:02:40 0.0 0.0 0.0 0.0 0.0 0.0 0.0 0.0
19/03/22 02:02:50 0.0 0.0 0.0 0.0 0.0 0.0 0.0 0.0
19/03/22 02:03:00 0.0 0.0 0.0 0.0 0.0 0.0 0.0 0.0
19/03/22 02:03:10 0.0 0.0 0.0 0.0 0.0 0.0 0.0 0.0
19/03/22 02:03:20 0.0 0.0 0.0 0.0 0.0 0.0 0.0 0.0
19/03/22 02:03:30 0.0 0.0 0.0 0.0 0.0 0.0 0.0 0.0
19/03/22 02:03:40 0.0 0.0 0.0 0.0 0.0 0.0 0.0 0.0
19/03/22 02:03:50 0.0 0.0 0.0 0.0 0.0 0.0 0.0 0.0
19/03/22 02:04:00 0.0 0.0 0.0 0.0 0.0 0.0 0.0 0.0
19/03/22 02:04:10 0.0 0.0 0.0 0.0 0.0 0.0 0.0 0.0
19/03/22 02:04:20 0.0 0.0 0.0 0.0 0.0 0.0 0.0 0.0
19/03/22 02:04:30 0.0 0.0 0.0 0.0 0.0 0.0 0.0 0.0
19/03/22 02:04:40 0.0 0.0 0.0 0.0 0.0 0.0 0.0 0.0
19/03/22 02:04:50 0.0 0.0 0.0 0.0 0.0 0.0 0.0 0.0
19/03/22 02:05:00 0.0 0.0 0.0 0.0 0.0 0.0 0.0 0.0
19/03/22 02:05:10 0.0 0.0 0.0 0.0 0.0 0.0 0.0 0.0
19/03/22 02:05:20 0.0 0.0 0.0 0.0 0.0 0.0 0.0 0.0
19/03/22 02:05:30 0.0 0.0 0.0 0.0 0.0 0.0 0.0 0.0
19/03/22 02:05:40 0.0 0.0 0.0 0.0 0.0 0.0 0.0 0.0
19/03/22 02:05:50 0.0 0.0 0.0 0.0 0.0 0.0 0.0 0.0
19/03/22 02:06:00 0.0 0.0 0.0 0.0 0.0 0.0 0.0 0.0
19/03/22 02:06:10 0.0 0.0 0.0 0.0 0.0 0.0 0.0 0.0
19/03/22 02:06:20 0.0 0.0 0.0 0.0 0.0 0.0 0.0 0.0
19/03/22 02:06:30 0.0 0.0 0.0 0.0 0.0 0.0 0.0 0.0
19/03/22 02:06:40 0.0 0.0 0.0 0.0 0.0 0.0 0.0 0.0
19/03/22 02:06:50 0.0 0.0 0.0 0.0 0.0 0.0 0.0 0.0
19/03/22 02:07:00 0.0 0.0 0.0 0.0 0.0 0.0 0.0 0.0
19/03/22 02:07:10 0.0 0.0 0.0 0.0 0.0 0.0 0.0 0.0
19/03/22 02:07:20 0.0 0.0 0.0 0.0 0.0 0.0 0.0 0.0
19/03/22 02:07:30 0.0 0.0 0.0 0.0 0.0 0.0 0.0 0.0
19/03/22 02:07:40 0.0 0.0 0.0 0.0 0.0 0.0 0.0 0.0
19/03/22 02:07:50 0.0 0.0 0.0 0.0 0.0 0.0 0.0 0.0
19/03/22 02:08:00 0.0 0.0 0.0 0.0 0.0 0.0 0.0 0.0
19/03/22 02:08:10 0.0 0.0 0.0 0.0 0.0 0.0 0.0 0.0
